080701047222722551020
080701047245826156020
080701047257321024020
080701067239963802012
080701067209712016012
080701067282560040012
080701067213957257012
080701067261776028012
080701067200749608012
080701067241884790012
080701067206637424012
080701067293183899012
080701067283521382012
080701067270691819012
080701067278458164012
080701067220598470012
080701067227506605012
080701067234298647012
080701067279565883012
080721067276306069012
080721067210311116012
080721067259393244012
080721067289325464012
