080106124289807854012
080106124227621031012
080106124173253319012
080106124259287942012
080106124281504309012
080106124108794573012
080106124141180181012
080106124272373659012
080106124146776231012
080106124268629379012
080106124277928670012
080106124210938889012
080106124294532930012
080106124218833220012
080106124157191243012
080106124244398164012
080106124286404953012
080106124297664209012
080106124286683460012
080106124212734505012
080106124271220273012
080106124145959987012
080106124127411999012
080106124161203351012
080106124134619374012
080106124189648451012
080106124179449685012
080106124112297117012
080106124242903994012
080106124249842097012
080106124272861488012
080106124210464917012
080106124284007739012
080106124242858669012
080106124219003399012
080106124272856004012
080106124246110981012
080106124207921979012
080106124217781441012
080106124185094600012
080106124143256883012
080106124167636270012
080106124187695960012
080106124121426320012
080106124184302299012
080106124147342904012
080106124195615405012
080106124119026159012
080106124154814409012
080106124158141189012
080106124137222838012
080106124100566892012
080106124114436055012
080106124116436599012
080106124117288126012
080106124121883793012
080106124197032850012
080106124139327050012
080106124157317149012
080106124162438462012
080715133293544111012
080715133251209196012
080715133278800459012
080715133298095320012
080715133246166537012
080715133209611578012
080715133226035150012
080715133217654372012
080715133268252174012
080715133262380999012
080709132287835181012
080709132222486336012
080709132285218701012
080709132237668936012
080709132285765981012
080709132292081454012
080709132237635307012
080709132280488297012
080709132230246411012
080709132224068046012
