080715133251731714012
080715133234266117012
080715133214243031012
080715133296204727012
080715133250087786012
080715133266180037012
080715133251197345012
080715133256606142012
080715133240628355012
080715133266126998012
080715133266150077012
080715133264848877012
080715133205993667012
080715133256186068012
080715133237217208012
080715133203539474012
080715133213000094012
080715133292606473012
080715133270617544012
080715133249758593012
080715133299739006012
080715133240526375012
080715133257281118012
080715133260933879012
080715133253566905012
080715133243068184012
080715133230042416012
080715133243111310012
080715133245879813012
080715133254795364012
080715133213522834012
080808133288841698012
080808133288813536012
080808133242910241012
080808133221914718012
080808133288901336012
080808133205303684012
080808133270921363012
080808133207886955012
080808133204584843012
080808133209029039012
080808133235547497012
080808133274439426012
080808133282666684012
080808133231221555012
080808133200456505012
080808133221384166012
080808133243657768012
080808133236698801012
080808133207083944012
080808133237572282012
080808133293591582012
080808133201228077012
080808133210988773012
080808133242252802012
080808133256236677012
080808133286847113012
080808133267872311012
080808133275102937012
080808133286932169012
080808133236084492012
080808133221933569012
080808133245681351012
080808133272771226012
080808133274138670012
080808133267996018012
080808133229616262012
080808133229928121012
080808133270934649012
080808133297656254012
080808133271599614012
080808133246012216012
080808133273074329012
080808133267491718012
080808133241350103012
080808133225613207012
080808133241900375012
080808133221268454012
080808133272537165012
080808133295026197012
080808133220458585012
080808133223045575012
080808133208836928012
080808133215506204012
080808133297869747012
080808133281184379012
080808133263269989012
080808133264605994012
080808133296848102012
080808133235936630012
080807132250019627012
080807132210548902012
080807132259117681012
080807132233423022012
080807132256472688012
080807132232725830012
080807132252109417012
080807132222183485012
080807132255199279012
080807132238781881012
080807132232343273012
080807132250499531012
080807132268576346012
080807132286056735012
080807132240399046012
080807132224808864012
080807132284094713012
080807132268605748012
080807132224247526012
080807132203816647012
080807132289955107012
080807132202426703012
080807132252553395012
080807132243766094012
080807132205267641012
080807132203643603012
080807132236844117012
080807132247947036012
080807132235493300012
080807132282722656012
080807132275226576012
080807132293689676012
080807132291254570012
080807132277641959012
080807132200320924012
080807132260009403012
080807132250864495012
080807132264935016012
080807132291752291012
080807132279631317012
080807132288865285012
080807132204463598012
080807132279245119012
080807132265471181012
080807132277322348012
080807132233065528012
080807132261979475012
080807132245456347012
080807132269383791012
080807132269944192012
080807132289292588012
080807132226417233012
080807132294443775012
080807132225375454012
080807132275877339012
080807132205832583012
080807132214996765012
080807132214434399012
080807132284740034012
080807132228884798012
080807132216485221012
080807132229066431012
080807132293588069012
080807132210954907012
080807132215405316012
080807132248748985012
080807132217033551012
080807132251796287012
080807132265126653012
080807132217745755012
080807132213975643012
080807132220683639012
080807132251853395012
080807132256628371012
080807132249217887012
080807132214366441012
080807132299859337012
080807132269334740012
080807132210226277012
080807132276243293012
080807132229382532012
080807132289698260012
080807132248318660012
080807132258563530012
080807132245715744012
080807132203585408012
080807132274427312012
080807132292400780012
080807132207476867012
080807132209748804012
080807132218717357012
080807132286410516012
080807132295369622012
080807132263370700012
080807132230929695012
080807132261952082012
080807132223684935012
080807132212577446012
080807132251030396012
080807132209887247012
080721067224124250012
080721067264234152012
080721067201576890012
080721067216961464012
080721067212603892012
080721067213609327012
080721067257530202012
080721067216190101012
080721067297388136012
080721067201927151012
080721067212870086012
080721067270750729012
080721067275693693012
080721067208456819012
080721067288352033012
080721067238851912012
080721067236166035012
080721067228277860012
080721067209470089012
080721067275973988012
080721067239960712012
080721067222355432012
080721067273729984012
080721067256468718012
080721067216369596012
080721067250763863012
080721067202349735012
080721067251998100012
080721067259418435012
080721067281311675012
080721067228691294012
080721067226795269012
080721067207642895012
080721067280858900012
080721067216187534012
080721067222016724012
080721067228156157012
080721067279432354012
080721067245517964012
080721067227625463012
080721067274543412012
080721067218505456012
080721067280912428012
080721067208925691012
080721067239139841012
080721067221161810012
080721067265292865012
080721067285439103012
080721067267416689012
080721067295043977012
