080826133218058966012
080826133227870960012
080826133244251022012
080826133215153329012
080826133274757997012
080826133268524857012
080826133209615695012
080826133280452985012
080826133289286770012
080826133285402513012
080826133251241516012
080826133224767335012
080826133263210654012
080826133276754236012
080826133241710911012
080826133207722474012
080826133207485048012
080826133252501236012
080826133271013946012
080826133216262939012
080826133233885935012
080826133231951078012
080826133262418492012
080826133296051411012
080826133208744295012
080826133280961786012
080826133215160831012
080826133278354213012
080826133244172694012
080826133207892796012
080826133204764465012
080826133248260456012
080826133209168099012
080826133220317673012
080826133236822630012
080826133265534706012
080826133260709931012
080826133221855761012
080826133250455893012
080826133272252434012
080826133275415301012
080826133282714971012
080826133294574898012
080826133286368761012
080826133204791095012
080826133279275215012
080826133236708148012
080826133269370866012
080826133287629039012
080826133232397436012
080826133299124296012
080826133241678537012
080826133211011790012
080826133239218630012
080826133216579254012
080826133236091821012
080826133270595279012
080826133223678366012
080826133287340601012
080826133290944727012
080826133299125105012
080826133223516922012
080826133290082299012
080826133266244901012
080826133255722218012
080826133277615170012
080826133217730268012
080826133250136989012
080826133269945662012
080826133248865752012
080826133286071347012
080826133287724551012
080826133228162038012
080826133216501802012
080826133246100435012
080826133234451961012
080826133252819542012
080826133265325092012
080826133222891779012
080826133233163389012
080826133270333142012
080826133288766848012
080826133257156883012
080826133215211223012
080826133227906508012
080826133271722415012
080826133264113915012
080826133218722378012
080826133215182888012
080826133256667378012
080826133248461554012
080826133205518613012
080826133277077911012
080826133291425818012
080826133288792514012
080826133244009031012
080826133282297481012
080826133251257439012
080826133249293767012
080826133211839775012
080826133293262945012
080826133295014152012
080826133268096578012
080826133207564893012
080826133291830129012
080826133226652632012
080826133273758415012
080826133216041292012
080826133220341948012
080826133220635276012
080826133237358800012
080826133218971198012
080826133231013532012
080826133203497708012
080826133246752266012
080826133230827399012
080826133236834682012
080826133277569946012
080826133209985374012
080826133296920251012
080826133210770104012
080826133279878769012
080826133246153858012
080826133229919409012
080826133295571060012
080826133233810121012
080826133232482894012
080826133266098751012
080826133259666749012
080826133217122739012
080826133234557127012
080826133286616327012
080826133211492392012
080826133296543865012
080826133227768790012
080826133270652428012
080826133289237135012
080826133211574771012
080826133228837089012
080826133264091534012
080826133240707959012
080826133246439014012
080826133293499208012
080826133271343886012
080826133276079696012
080826133202673120012
080826133228101199012
080826133204825865012
080826133216914559012
080826133218236884012
080826133265419662012
080826133246797045012
080826133206341539012
080826133216795571012
080826133264505876012
080826133290488230012
080826133249566888012
080826133295814055012
080826133214328464012
080826133204801992012
080826133297382934012
080826133259295262012
080826133263084894012
080826133291701332012
080826133204501069012
080826133288943893012
080826133219387380012
080826133230125848012
080826133294965328012
080826133232834646012
080826133235171771012
080826133237043366012
080826133289120348012
080826133267055167012
080826133295621351012
080826133226897202012
080826133240583700012
080826133291464033012
080826133264182690012
080826133264862498012
080826133252020761012
080826133256105514012
080826133292660279012
080826133213425139012
080826133214077545012
080826133290022213012
080826133219572939012
080826133263316829012
080826133231236913012
080826133220900135012
080826133261792374012
080826133256637873012
080826133243450659012
080826133265782781012
080826133260185734012
080826133274494728012
080826133277486139012
080826133234507304012
080826133261518405012
080826133295168434012
080825132254598567012
080825132218878693012
080825132260517966012
080825132256426197012
080825132277019949012
080825132280008573012
080825132270976260012
080825132208532194012
080825132216794654012
080825132238177152012
080825132206539702012
080825132218280393012
080825132268433470012
080825132248617620012
080825132242278812012
080825132278630686012
080825132265700100012
080825132224703461012
080825132222368906012
080825132269193168012
080825132235147088012
080825132282301349012
080825132271438685012
080825132213034185012
080825132222814778012
080825132286600506012
080825132288710868012
080825132239438939012
080825132243743514012
080825132247979232012
080825132208439526012
080825132291894752012
080825132219819622012
080825132239992762012
080825132207314434012
080825132231634234012
080825132299852017012
080825132292763377012
080825132218338351012
080825132276238368012
080825132215884157012
080825132270785556012
080825132208923604012
080825132239929484012
080825132276179801012
080825132241513222012
080825132200825404012
080825132257817886012
080825132258513244012
080825132260165206012
080825132247727713012
080825132253628669012
080825132269740234012
080825132263792046012
080825132264870360012
080825132218041364012
080825132205256889012
080825132231691527012
080825132287987774012
080825132271229808012
080825132237438564012
080825132232476096012
080825132265265154012
080825132253717099012
080825132214051846012
080825132293621845012
080825132280154752012
080825132214587729012
080825132297125132012
080825132218177864012
080825132253434357012
080825132268025941012
080825132257020721012
080825132266912608012
080825132250964804012
080825132246915646012
080825132253635725012
080825132265335558012
080825132262304675012
080825132231397807012
080825132221782061012
080825132200349217012
080825132286157622012
080825132240792474012
080825132268061674012
080825132278390758012
080825132298553353012
080825132296867808012
080825132250316999012
080825132229888624012
080825132263795889012
080825132222904973012
080825132240608310012
080825132210024080012
080825132275565313012
080825132215475216012
080825132242197406012
080825132207463867012
080825132264013431012
080825132207811576012
080825132240470444012
080825132246246632012
080825132234563666012
080825132272474062012
080825132210911034012
080825132206887806012
080825132293149031012
080825132245540385012
080825132299961761012
080825132204027587012
080825132272802166012
080825132280525946012
080825132251733934012
080825132204372129012
080825132210378723012
080825132232418304012
080825132233449608012
080825132234016617012
080825132241576996012
080825132214936817012
080825132225144826012
080825132224727852012
080825132233431833012
080825132226819345012
080825132219110316012
080825132251688929012
080825132215713146012
080825132235177213012
080825132237165984012
080825132246357439012
080825132280065291012
080825132284730309012
080825132269613118012
080825132212568928012
080825132289386854012
080825132270669730012
080825132231782905012
080825132279747298012
080825132201518984012
080825132224716964012
080825132295428602012
080825132268953115012
080825132213078248012
080825132222043426012
080825132229387480012
080825132244809517012
080825132253577959012
080825132284849408012
080825132219956755012
080825132273127984012
080825132202273700012
080825132291833546012
080825132213497360012
080825132247784682012
080825132235704353012
080825132238178043012
080825132250973240012
080825132298743296012
080825132250153885012
080825132297066490012
080825132238171795012
080825132272954077012
080825132259712109012
080825132277344581012
080825132204454801012
080825132285651797012
080825132223018102012
080825132252752501012
080825132213868037012
080825132224818490012
080825132207191980012
080825132259365017012
080825132202065805012
080825132204571459012
080825132254126073012
080825132249977561012
080825132298726114012
080825132245826038012
080825132264499014012
080825132276732037012
080825132207722183012
080825132286636716012
080825132240966275012
080825132219531362012
080825132234248862012
080825132260665308012
080825132258312667012
080825132298522703012
080825132273810032012
080825132262931382012
080825132245984091012
080825132201706613012
080825132287449213012
080825132208276193012
080825132262335544012
080825132238282365012
080825132204054280012
080825132261716349012
080825132296244522012
080825132253406565012
