080803077171657864030
080803077115813238030
080803077171866816030
080803077182942305030
080803077140346604030
080803077107027775030
080803077185290366030
080803077109596752030
080803077160531982030
080803077181253537030
080803077104094213030
080803077167858625030
080803077102024699030
080803077136074878030
080803077109982176030
080803077112911359030
080803077172072570030
080803077164378626030
080803077173646202030
080803077169110683030
080803077187719947030
080803077191232757030
080803077118583088030
080803077188983502030
080803077198910680030
080803077159679728030
080803077171869806030
080803077102901670030
080803077120388183030
080803077111579221030
080803077174729732030
080803077152175864030
080803077104112256030
080803077152581640030
080803077107606810030
080803077128790461030
080803077164931374030
080803077176222131030
080803077136275638030
080803077188231736030
080803077131333996030
080803077145828963030
080803077149038740030
080803077129920570030
080803077192963137030
080803077175260105030
080803077189922929030
080803077117257385030
080803077149320791030
080803077104906083030
080803077169053809030
080803077135900434030
080803077130150935030
080803077162430288030
080803077106886997030
080803077134106260030
080803077110082013030
080803077100531583030
080803077179337099030
080803077112309483030
080803077176363474030
080803077148397901030
080803077112653476030
080803077120229057030
080803077199504445030
080803077183141518030
080803077155539033030
080803077189272310030
080803077180418571030
080803077147195735030
080803077170898433030
080803077129636718030
080803077142467701030
080803077112402804030
080803077146081840030
080803077133758964030
080803077166510582030
080803077169245230030
080803077193731023030
080803077132023244030
080803077192440575030
080803077183083012030
080803077189200456030
080803077138372609030
080803077172102252030
080803077158290526030
080803077199265597030
080803077189689676030
080803077108175313030
080803077105789965030
080803077168786231030
080803077120576647030
080803077147964463030
080803077184396022030
080803077111555372030
080803077154483164030
080803077100813269030
080803077122431476030
080803077132374023030
080803077165722088030
