080812040257895452020
080812040286618624020
080812040208403678020
080812040218382808020
080812040274974728020
080812040266610818020
080812040278430498020
080812040253623870020
080812040252559296020
080812040268841676020
080812040298932930020
080812040281337628020
080812040251758463020
080812040271533472020
080812040252334125020
080812040231771224020
080812040200967915020
080812040266097284020
080812040283084313020
080812040236114416020
080812040290567643020
080812040267587321020
080812040236065787020
080812040247373192020
080812040269558994020
080812040247838917020
080812040233732383020
080812040261864918020
080812040271610448020
080812040212020978020
080812040294579203020
080812040225944540020
080812040263405478020
080812040219907399020
080812040204432923020
080812040205861955020
080812040262810240020
080812040210078646020
080812040269195372020
080812040293999889020
080803061123743826020
080803061183978145020
080803061131500234020
080803061114783464020
080803061109108064020
080803061102799338020
080803061182689462020
080803061174692379020
080803061188911198020
080803061101088641020
080803061156785330020
080803061121224570020
080803061158109147020
080803061198130384020
080803061103477944020
080803061110889912020
080803061122347350020
080803061177097006020
080803061146462771020
080803061195810988020
080803061119763187020
080803061131675466020
080803061161818629020
080803061190876219020
080803061172993484020
080803061119494544020
080803061130106598020
