080819077251750244030
080819077228412058030
080819077251989129030
080819077239383055030
080819077242474287030
080819077219184398030
080819077201076798030
080819077287074457030
080819077261574460030
080819077234441980030
080819077234064193030
080819077284392992030
080819077201512653030
080819077245310345030
080819077233589768030
080819077288866128030
080819077208301174030
080819077255227682030
080819077212346343030
080819077240612943030
080819077224050774030
080819077245393547030
080819077206475689030
080819077254096407030
080819077223979769030
080819077202685029030
080819077223305844030
080819077234969073030
080819077221375746030
080819077270116711030
080819077246656417030
080819077288766580030
080819077239779824030
080819077265671524030
080819077286785982030
080819077259593396030
080819077227753216030
080819077293246244030
080819077260470167030
080819077297320748030
080819077218915548030
080819077244828923030
080819077243893111030
080819077252741149030
080819077285483797030
080819077201503662030
080819077272686418030
080819077294866290030
080819077215180611030
080819077230370027030
080819077257318838030
080819077284654700030
080819077220047387030
080819077250576578030
080819077231031014030
080819077208880030030
080819077255410424030
080819077265241944030
080819077271134804030
080819077242119508030
080819077274276110030
080819077252531353030
080819077213098694030
080819077271110101030
080819077201540390030
080819077298449225030
080819077202938588030
080819077269855609030
080819077235910461030
080819077226049527030
080819077203040799030
080819077248715003030
080819077264354096030
080819077230003309030
080819077263632390030
080819077267106150030
080819077294092561030
080819077277611629030
080819077226958131030
080819077245685318030
080819077232947702030
080819077225773144030
080819077281556668030
080819077259602348030
080819077254749778030
080819077251384545030
080819077279716150030
080819077220028310030
080819077260405289030
080819077203111152030
080819077271334757030
080819077259318472030
080819077221989850030
080819077203515240030
080819077237443856030
080819077235151280030
080819077220971360030
080819077260585033030
080819077267797788030
080819077291409731030
