080807132265379887012
080807132243454762012
080807132204009115012
080807132271159162012
080807132282811448012
080807132219142750012
080807132266365578012
080807132232061724012
080807132206667302012
080807132285952263012
080807132227805619012
080807132260581072012
080807132235306403012
080807132273911784012
080807132263527270012
080807132262874830012
080807132273790446012
080807132252463604012
080807132271843781012
080807132214127868012
080807132254766533012
080807132230215857012
080807132277195038012
080807132247452284012
080807132285091185012
080807132256389826012
080807132273523546012
080807132295319379012
080807132244307644012
080807132265012003012
080807132247420580012
080807132295849758012
080807132206404530012
080807132211475618012
080807132269090399012
080807132287926661012
080807132205621287012
080807132237161656012
080807132286557685012
080807132259740097012
080808133267511750012
080808133278948463012
080808133270608064012
080808133234643558012
080808133290398734012
080808133285203098012
080808133211848315012
080808133250922449012
080808133214892057012
080808133214116469012
080808133265288105012
080808133261553253012
080808133275202525012
080808133288846710012
080808133273689116012
080808133223678110012
080808133200265684012
080808133200254812012
080808133255347607012
080808133225614068012
080808133285360601012
080808133265844746012
080808133223936257012
080808133295433754012
080808133226699698012
080808133271920697012
080808133291209145012
080808133254720624012
080808133285209544012
080808133201254825012
080808133277325826012
080808133271947053012
080808133292304254012
080808133265764537012
080808133290229549012
080808133220746766012
080808133251300463012
080808133272117665012
080808133271383616012
080808133244016406012
080808133248806510012
080808133270899707012
080808133221470912012
080808133264126411012
080808133227419959012
080808133261517318012
080808133218887692012
080808133206299203012
080808133216832612012
080808133276781142012
080106124246183345012
080106124268148096012
080106124219456720012
080106124281401583012
080106124223407066012
080106124279706923012
080106124280958937012
080106124214185430012
080106124219949220012
080106124253252333012
080106124247143270012
080106124233365312012
080106124210603308012
080106124247353706012
080106124213514797012
080106124233152966012
080106124145721972012
080106124173879191012
080106124169322752012
080106124141783464012
080106124187809416012
080106124133359791012
080106124154649615012
080106124116913973012
080106124125266179012
080106124196631094012
080106124103164990012
080106124186462822012
080106124111149377012
080106124143137462012
080106124132977291012
080106124168011099012
080106124194600650012
080106124109396355012
080106124134254520012
080106124104507738012
080106124161783507012
080106124155445467012
080106124190124310012
080106124185883517012
080106124108169628012
080106124112358123012
080106124147299052012
080106124107926666012
080106124158876913012
080106124115831902012
080106124176451431012
080106124145460759012
080106124118053217012
080106124194292536012
080106124150237353012
080106124172388531012
080106124145046555012
080106124134631940012
080106124179935461012
080106124174536990012
080106124141352440012
080106124186087668012
080106124199459737012
080106124164891542012
080106124165592349012
080106124142266572012
080106124149429038012
080106124108669165012
080106124161197887012
080106124184255715012
080106124107045756012
080106124167489339012
080106124143567105012
080106124124144287012
