080805084286778873030
080805084294309448030
080805084258513353030
080805084289954860030
080805084263149173030
080701130284051293030
080701130236907861030
080701130250927920030
080701130217508029030
080701130240988381030
080701130287601738030
080701130212334792030
080701130247785192030
080701130251975514030
080701130260279663030
080702131253161346030
080702131282182372030
080702131267069274030
080702131266641002030
080702131296219067030
080702131277600022030
080702131233766787030
080702131213884804030
080702131296899032030
080702131226933484030
080702060297207990030
080702060297215849030
080702060244787149030
080702060248029102030
080702060238081311030
080819077205260356030
080819077201925152030
080819077259869606030
080819077248465538030
080819077230604625030
080819077217528566030
080819077217766432030
080819077200320924030
080819077281833836030
080819077223578505030
080819077288024638030
080819077224656319030
080819077290040896030
080819077243233150030
080819077284127050030
080819077244019975030
080819077230362765030
080819077298139632030
080819077238733014030
080819077295477890030
080819077211637737030
080819077204263351030
080819077272961614030
080819077268669713030
080819077241688773030
080819077285169905030
080819077221202184030
080819077232869122030
080819077232973733030
080819077255538605030
080819077286217341030
080819077265044534030
080819077217110442030
080819077241262424030
080819077251919889030
080819077254477311030
080819077238801309030
080819077293632513030
080819077254269701030
080819077257815393030
080819077211031114030
080819077275449077030
080819077243759390030
080819077268905990030
080819077212092806030
080819077220910850030
080819077235053629030
080819077244024414030
080819077279199665030
080819077247152872030
080819077276781895030
080819077205566884030
080819077252057981030
080819077250932155030
080819077270951831030
080819077243468888030
080819077236875727030
080819077282378399030
080819077285811984030
080819077280473574030
080819077283362726030
080819077229500679030
080819077208813716030
080819077247406739030
080819077296309965030
080819077262541723030
080819077266867847030
080819077246863314030
080819077273366277030
080819077282299731030
080819077295353361030
080819077203165478030
080819077254806819030
080819077207075246030
080819077247117592030
080819077289567001030
080819077269501542030
080819077201268292030
080819077223698693030
080819077251781782030
080819077234030572030
080819077222232179030
080819077294710731030
080819077292052658030
080819077214521158030
080819077227295213030
080819077271183873030
080819077288583198030
080819077244561720030
080819077236650703030
080819077222598653030
080819077269669672030
080819077236368032030
080819077236921518030
080819077294006774030
080819077283776989030
080819077260629451030
080819077249258294030
080819077208864889030
080819077201562310030
080701107276876019030
080701107221519529030
080701107202168272030
080701107218720330030
080701107224642979030
080701107221528126030
080701107227512444030
080701107203098678030
080701107263303150030
080701107250757979030
080701107278712248030
080701107291882241030
080701107250101689030
080701107267500843030
080701107228692346030
080701107201260981030
080701107250203222030
080701107245011715030
080701107248776195030
080701107209704375030
