080701130211275869030
080701130219612495030
080701130259270989030
080701130206829193030
080701130250597833030
080701130248865286030
080701130231789445030
080701130271193175030
080701130294284002030
080701130270569758030
080701130263618869030
080701130263706495030
080701130238578609030
080701130296644308030
080701130250421574030
080701130232807510030
080701130299751264030
080701130273327538030
080701130290396607030
080701130218743512030
080701130210921071030
080701130213325370030
080701130250643486030
080701130258888335030
080701130280425303030
080701130245509289030
080701130280136205030
080701130265108994030
080701130236249478030
080701130247650862030
080701130236086455030
080701130201265988030
080701130242944251030
080701130272750445030
080701130292996538030
080701130243572045030
080701130239198316030
080701130268178186030
080701130262382156030
080701130260938009030
080701130278810075030
080701130276163589030
080701130218972755030
080701130243287310030
080701130207387236030
080701130269731841030
080701130208595146030
080701130285485769030
080701130239949643030
080701130227660618030
080701130276017319030
080701130226855863030
080701130247626433030
080701130278456053030
080701130208227311030
080701130206632371030
080701130229523868030
080701130227687193030
080701130204946345030
080701130206114190030
080701130293074057030
080701130204527079030
080701130238926706030
080701130247436527030
080701130215604212030
080701130278466217030
080701130298679598030
080701130294343877030
080701130207252558030
080701130248580734030
080701130236331310030
080701130274992827030
080701130212506729030
080701130276523816030
080701130232855672030
080701130295078561030
080701130256321520030
080701130213090061030
080701130218400126030
080701130291741649030
080701130229590173030
080701130273264693030
080701130217008076030
080701130269834429030
080701130271233349030
080701130202620374030
080701130295764951030
080701130272508048030
080701130273926232030
080701130259427412030
080701130287106523030
080701130265872247030
080701130202589643030
080701130282623621030
080701130231509290030
080701130236401992030
080701130224867685030
080701130249719076030
080701130220748925030
080701130284156341030
