080803077119337230030
080803077108621193030
080803077193167442030
080803077176278809030
080803077108234505030
080803077178743907030
080803077162485825030
080803077148616156030
080803077145535443030
080803077193920072030
080803077121845641030
080803077176652937030
080803077199376220030
080803077123995051030
080803077198812389030
080803077197206785030
080803077132485792030
080803077196043853030
080803077178854968030
080803077119140394030
080803077164684006030
080803077104830707030
080803077188381812030
080803077136671294030
080803077164856877030
080803077138229489030
080803077143655779030
080803077191694243030
080803077109641868030
080803077199662575030
080803077157348763030
080803077185922421030
080803077193323085030
080803077127761779030
080803077152060995030
080803077103205565030
080803077174467319030
080803077104804535030
080803077192978531030
080803077160921583030
080803077138428458030
080803077136744067030
080803077155557514030
080803077159333650030
080803077118876407030
080803077103528392030
080803077191334353030
080803077195747852030
080803077163358298030
080803077167949267030
