080825132259386724012
080825132229308524012
080825132285013881012
080825132281961851012
080825132265973390012
080825132219864984012
080825132251950810012
080825132275819618012
080825132286261455012
080825132260877134012
080825132227786027012
080825132219805017012
080825132200536922012
080825132278391059012
080825132275236904012
080825132281264663012
080825132218360912012
080825132210591767012
080825132204663523012
080825132219923978012
080825132200785454012
080825132208500923012
080825132204772402012
080825132252428429012
080825132262532059012
080825132246262190012
080825132203131122012
080825132261367279012
080825132293315362012
080825132232590838012
080825132276063992012
080825132299187889012
080825132213874640012
080825132202733186012
080825132221519971012
080825132268171249012
080825132260742708012
080825132231051512012
080825132204562273012
080825132255122528012
080825132220047940012
080825132207866222012
080825132278649189012
080825132207986379012
080825132274360898012
080825132260404262012
080825132250519337012
080825132202313615012
080825132242956832012
080825132246747752012
080825132217691954012
080825132220687872012
080825132291051626012
080825132292254448012
080825132295170459012
080825132295775087012
080825132234302012012
080825132234623321012
080825132228931401012
080825132267959773012
080825132279370257012
080825132218570109012
080825132236757443012
080825132237280587012
080825132204814130012
080825132284753196012
080825132246987711012
080825132260021208012
080825132282819583012
080825132258667269012
080826133243231043012
080826133215589665012
080826133290888724012
080826133266267847012
080826133280722299012
080826133295477219012
080826133226207822012
080826133280514613012
080826133208194312012
080826133266204575012
080826133275846699012
080826133238545521012
080826133291066956012
080826133221788610012
080826133233046582012
080826133277328338012
080826133242235798012
080826133227982858012
080826133225992892012
080826133203864479012
080826133203270200012
080826133224479109012
080826133288463162012
080826133266772553012
080826133218963915012
080826133283934338012
080826133256086087012
080826133226763003012
080826133283779087012
080826133222963509012
080826133242131725012
080826133205624047012
080826133235847827012
080826133222283547012
080826133225093727012
080826133249863114012
080826133232063550012
080826133209931746012
080826133296873881012
080826133271787358012
080826133226236673012
080826133205909439012
080826133299946476012
080826133287905646012
080826133205150313012
080826133226069073012
080826133284940232012
080826133238063230012
080826133222917482012
080826133241568941012
080826133276732980012
080826133278557036012
080826133256225667012
080826133241284827012
080826133292610520012
080826133228375024012
080826133204476044012
080826133213291160012
080826133291545992012
080826133274545771012
080826133234700753012
080826133230174292012
080826133229527071012
080826133283410813012
080826133214273829012
080826133233396714012
080826133247074269012
080826133287141298012
080826133252170849012
080826133234662085012
080106124109173937012
080106124133670290012
080106124211855670012
080106124176082662012
080106124131320090012
080106124105248871012
080106124173851764012
080106124148853936012
080106124124415810012
080106124127404533012
080106124184855855012
080106124199303096012
080106124196797925012
080106124140036956012
080106124190281538012
080106124192689779012
080106124110043692012
080106124119885694012
080106124105853452012
080106124115239176012
080106124106111367012
080106124137235032012
080106124148323677012
080106124176422443012
080106124132438340012
080106124175091095012
080106124156779604012
080106124158951061012
080106124135739700012
080106124109221277012
080106124114119876012
080106124263111011012
080106124259753197012
080106124278232938012
080106124280166494012
080106124250169150012
080106124217285341012
080106124249078965012
080106124233448873012
080106124285269003012
080106124286445602012
080106124225358298012
080106124228108364012
080106124147725816012
080106124159387299012
080106124187278487012
080106124185297732012
080106124192263169012
080106124121657561012
080106124161689625012
080106124162683160012
080106124168931933012
080106124122091376012
080106124158112396012
080106124107198077012
080106124158462866012
080106124146557571012
080106124141713945012
080106124245421967012
080106124277875550012
080106124279155428012
080106124215719415012
080106124259133626012
080106124285626368012
080106124201241709012
080106124281907890012
080106124195220108012
080106124107911410012
080106124146496725012
080106124108725994012
080106124128715039012
080106124123843149012
080106124126475776012
080106124124977432012
080106124210448222012
080106124217802969012
080106124229003968012
080106124213845848012
080106124281303641012
080106124267900732012
080106124229822020012
080106124130946710012
080106124198033819012
080106124185347178012
080106124260883203012
080106124299358801012
080106124229484862012
080106124218716194012
080106124193896800012
080106124114624433012
080106124118399666012
080106124107393987012
080106124157511799012
080106124169365079012
080106124183013211012
080106124154088021012
080106124278430009012
080106124213460336012
080106124203683681012
080106124230875277012
080721067202975160012
080721067243989646012
080721067239224944012
080721067278157479012
080721067249289807012
080602120202574531012
080602120239102258012
080602120240135292012
080602120242898954012
080602120267090859012
080602120238092201012
080602120238632530012
080602120260249977012
080602120273814821012
080602120271987048012
