080803077116819046030
080803077103808317030
080803077102130713030
080803077155766106030
080803077117169676030
080803077105876091030
080803077137831970030
080803077136406139030
080803077190372168030
080803077159952435030
080803077106038815030
080803077174893375030
080803077199808861030
080803077167079027030
080803077176347093030
080803077115617601030
080803077107258129030
080803077171068318030
080803077114236439030
080803077159721574030
080803077115587286030
080803077192668284030
080803077180075679030
080803077102661286030
080803077152740312030
080803077172435847030
080803077134428071030
080803077193880418030
080803077189513938030
080803077145336340030
