080803077143643452030
080803077199412067030
080803077161859679030
080803077180456960030
080803077191766089030
080803077166786438030
080803077147519817030
080803077112869307030
080803077142714250030
080803077179107332030
080803077188606517030
080803077176151864030
080803077144079006030
080803077105636246030
080803077182284629030
080803077114928373030
080803077128441520030
080803077194712062030
080803077134746399030
080803077128135359030
080803077189568880030
080803077133474028030
080803077133518628030
080803077187876721030
080803077153173006030
080803077141498958030
080803077187700636030
080803077150524470030
080803077196998520030
080803077143451605030
080803077199641842030
080803077132626594030
080803077155752032030
080803077130832339030
080803077107743839030
080803077159306685030
080803077138462308030
080803077141369232030
080803077117702061030
080803077121463249030
080803077120525698030
080803077186937148030
080803077114509517030
080803077159086310030
080803077146565293030
080803077125067686030
080803077170769858030
080803077199574684030
080803077133429317030
080803077138075275030
080803077104134879030
080803077125759229030
080803077118887315030
080803077166564584030
080803077172612149030
080803077115542289030
080803077148528403030
080803077185957013030
080803077140616585030
080803077113079878030
080803077122123252030
080803077190198499030
080803077122661216030
080803077144580920030
080803077177304985030
080803077199458511030
080803077182985652030
080803077142634096030
080803077105618562030
080803077102369680030
080803077183037914030
080803077153539622030
080803077143394391030
080803077141428873030
080803077129685129030
080803077138119937030
080803077108206851030
080803077190538599030
080803077167162650030
080803077104362967030
080803077155046809030
080803077169669105030
080803077130935462030
080803077108182395030
080803077187232786030
080803077191617653030
080803077106007552030
080803077143196855030
080803077169546703030
080803077142667360030
080803077194522087030
080803077189574705030
080803077105996119030
080803077141279962030
080803077197223648030
080803077138651177030
080803077198687637030
080803077139367055030
080803077169571863030
080803077102467068030
080803077135434196030
080803077169950459030
080803077188371823030
080803077131401346030
080803077113587597030
080803077103750556030
080803077130295562030
080803077132968544030
080803077129477598030
080803077122742206030
080803077173649066030
080803077131385091030
080803077162433735030
080803077139443810030
080803077196415230030
080803077143994918030
080803077148010637030
080803077145382345030
080803077126404748030
080803077103810411030
080803077174921309030
080803077176571447030
080803077125831274030
080803077142123851030
080803077173216294030
080803077113326386030
080803077170641804030
080803077149034364030
080803077106596301030
080803077144607586030
080803077153814385030
080803077194700950030
080803077106794291030
080803077144058870030
080803077158372913030
080803077168606802030
080803077173126742030
080803077122046260030
080803077165334202030
080803077182280299030
080803077180607467030
080803077184437137030
080803077193013574030
080803077110452321030
080803077187933181030
080803077175270810030
080803077173122127030
080803077155705699030
080803077127003634030
080803077123905850030
080803077188301221030
080803077130479774030
080803077113036383030
080803077171833646030
080803077108521902030
080803077154823481030
080803077173973505030
080803077109664764030
080803077127005948030
080803077124614836030
080803077128306821030
080803077145676040030
080803077186333687030
080803077152299425030
080803077104411162030
080803077166013146030
080803077189391117030
080803077175504557030
080803077193425881030
080803077170123875030
080803077167855599030
080803077177015046030
080803077127509036030
080803077128974698030
080803077125200113030
080803077159460064030
080803077177026980030
080803077195279715030
080803077111527291030
080803077189434929030
080812045175884695030
080812045162514579030
080812045163044104030
080812045127999296030
080812045188426485030
080812045139760253030
080812045136348060030
080812045153842131030
080812045162375154030
080812045132703211030
080812045139995526030
080812045156874186030
080812045108889703030
080812045146833573030
080812045151175946030
080812045140201962030
080812045151040112030
080812045101663128030
080812045186445567030
080812045176422296030
080812045177371444030
080812045170040069030
080812045181692180030
080812045128627047030
080812045142683474030
080812045150553700030
080812045114098129030
080812045155620568030
080812045124163486030
080812045114179827030
080812045122306077030
080812045154979773030
