080807132295550255012
080807132245904477012
080807132215332726012
080807132210167755012
080807132239845596012
080807132270104657012
080807132289035189012
080807132210708793012
080807132296606675012
080807132240430512012
080826133234758215012
080826133278516654012
080826133217553957012
080826133273302879012
080826133256188775012
080826133260433288012
080826133258135393012
080826133211801348012
080826133207897355012
080826133275000123012
080106124200855736012
080106124240884676012
080106124211035792012
080106124203117738012
080106124282533768012
080106124274712477012
080106124243914750012
080106124271013810012
080106124221382578012
080106124287178497012
080106124160678393012
080106124172466934012
080106124144329704012
080106124202549930012
080106124270050959012
080106124289316824012
080106124233361533012
080106124289417245012
080106124116754814012
080106124145192332012
080106124130614825012
080106124163572040012
080106124195235344012
080106124275246410012
080106124247299412012
080106124284748611012
080106124182945111012
080106124168603295012
080106124119922975012
080106124189603998012
080106124213520482012
080106124266582766012
080106124262171718012
080106124286091462012
080106124228707269012
080106124230605716012
080106124297255082012
080106124273279657012
080106124208442295012
080106124250272991012
080106124261358170012
080106124267607204012
080106124252179884012
080106124229350782012
080106124251075806012
080106124244048411012
080106124200924001012
080106124252594716012
080106124234926209012
080106124234256438012
080106124255618970012
080106124273115770012
080106124292298215012
080106124230734684012
080106124230277251012
080106124216883563012
080106124293714413012
080106124232958602012
080106124228428259012
080106124263371068012
