080702131202905120030
080702131290561939030
080702131241482445030
080702131291584865030
080702131297491995030
080702131236788002030
080702131227699789030
080702131266564091030
080702131202052925030
080702131218748109030
080702131280500736030
080702131256180554030
080702131206608006030
080702131252741467030
080702131221358189030
080702131242038974030
080702131217611935030
080702131232551783030
080702131270907377030
080702131206443573030
080702131221345374030
080702131268825182030
080702131291649137030
080702131287126456030
080702131280402727030
080702131210827365030
080702131224435972030
080702131272944383030
080702131259430961030
080702131265517099030
080702131228400759030
080702131217610381030
080702131283917470030
080702131290591182030
080702131277811389030
080702131284827300030
080702131297015933030
080702131263910859030
080702131285553287030
080702131273381762030
080702131225738649030
080702131227473193030
080702131243460612030
080702131208522729030
080702131284312193030
080702131284918830030
080702131291076433030
080702131279138711030
080702131250475617030
080702131280144699030
080702131218898829030
080702131287214531030
080702131232506754030
080702131211813071030
080702131223094005030
080702131205591509030
080702131261372791030
080702131264202742030
080702131262931410030
080702131255844501030
080702131280314728030
080702131257625515030
080702131209259074030
080702131272319639030
080702131215773899030
080702131254312539030
080702131282381278030
080702131245828668030
080702131204409927030
080702131229266639030
080702131294611767030
080702131258129310030
080702131246166529030
080702131248045459030
080702131208000634030
080702131232781238030
080702131221604978030
080702131214505546030
080702131277028792030
080702131296609870030
080702131234130054030
080702131260810030030
080702131296929037030
080702131255272786030
080702131294228732030
080702131264378046030
080702131284191942030
080702131223176960030
080702131205982321030
080702131208261968030
080702131244146928030
080702131257319248030
080702131267385930030
080702131233250827030
080702131265591214030
080702131213374473030
080702131205906415030
080702131201298917030
080702131224751449030
080702131253161346030
080819077217147753030
080819077253668500030
080819077278525323030
080819077287094385030
080819077241018355030
080819077252861017030
080819077220871380030
080819077237842816030
080819077272353103030
080819077214495749030
080819077232778968030
080819077286056735030
080819077258697730030
080819077203042542030
080819077222424359030
080819077232061724030
080819077261153906030
080819077210876160030
080819077257732933030
080819077206037980030
080819077218487128030
080819077221161445030
080819077288558794030
080819077215350783030
080819077251462656030
080819077294618459030
080819077266933834030
080819077277059999030
080819077297079041030
080819077287578447030
080819077258388617030
080819077260437131030
080819077234235312030
080819077278909659030
080819077276396126030
080819077231420923030
080819077221628508030
080819077228616057030
080819077257744078030
080819077216978003030
080819077210270579030
080819077250673464030
080819077275488937030
080819077210349985030
080819077202349380030
080819077231494551030
080819077275159778030
080819077276932051030
080819077272796928030
080819077208032183030
080819077232286549030
080819077206878686030
080819077242278346030
080819077261214689030
080819077226267460030
080819077284549631030
080819077244512281030
080819077281322114030
080819077201435130030
080819077267196253030
080819077212413968030
080819077270739568030
080819077213335952030
080819077241437444030
080819077283322731030
080819077284074044030
080819077212634305030
080819077223374728030
080819077232834455030
080819077274237803030
080819077262408006030
080819077221514759030
080819077238495647030
080819077240596943030
080819077225968016030
080819077298927855030
080819077232125550030
080819077278179146030
080819077295275369030
080819077245480959030
080819077272875765030
080819077206827039030
080819077236036123030
080819077203816647030
080819077221538428030
080819077262008385030
080819077255526153030
080819077248975375030
080819077234809170030
080819077202526781030
080819077240804447030
080819077279196654030
080819077226971935030
080819077212518069030
080819077209495829030
080819077268338004030
080819077203350564030
080819077210497101030
080819077261658756030
080819077282921815030
080718045134916778030
080718045140855561030
080718045170768647030
080718045101185413030
080718045184205060030
080718045132186209030
080718045148646262030
080718045100254512030
080718045186618716030
080718045191110573030
080805084204192176030
080805084210851110030
080805084237692242030
080805084256605408030
080805084287207947030
080803056299922464030
080803056262129580030
080803056289291128030
080803056208078939030
080803056243324526030
080803056282241981030
080803056235692812030
080803056285910441030
080803056282052981030
080803056295407673030
080718071256378311030
080718071247247112030
080718071281339535030
080718071201808706030
080718071235827186030
080718071229295195030
080718071286321009030
080718071255397287030
080718071232198804030
080718071276380153030
080701107229836003030
080701107279598300030
080701107245311135030
080701107223580864030
080701107284246685030
080701107280865527030
080701107281928202030
080701107220137948030
080701107284898633030
080701107286874211030
080701107208310963030
080701107257790058030
080701107266009393030
080701107257585077030
080701107265251099030
080701107220258882030
080701107233739057030
080701107260652357030
080701107212401987030
080701107291684107030
