080803077170382577030
080803077106210274030
080803077179764466030
080803077175770813030
080803077148426606030
080803077182814869030
080803077119449200030
080803077143820726030
080803077143454364030
080803077107948367030
080803077115179281030
080803077199488227030
080803077171967941030
080803077124509551030
080803077185853674030
080803077175021449030
080803077111869735030
080803077165174401030
080803077134190529030
080803077105062166030
080803077121323833030
080803077101041579030
080803077133042273030
080803077110183330030
080803077187923808030
080803077149573989030
080803077168388154030
080803077134075447030
080803077130779921030
080803077167895284030
080803077172079751030
080803077195976321030
080803077193250810030
080803077137083415030
080803077105725491030
080803077138734465030
080803077154090330030
080803077181490035030
080803077154691428030
080803077157420835030
080803077114316730030
080803077158262056030
080803077106257076030
080803077187601574030
080803077125654535030
080803077123850180030
080803077124566356030
080803077140539902030
080803077191563347030
080803077127588919030
080803077167273209030
080803077142980014030
080803077159793311030
080803077100006445030
080803077191381190030
080803077186407719030
080803077155691194030
080803077148234154030
080803077114066323030
080803077166866410030
080803077186793403030
080803077108826423030
080803077170420545030
080803077103383675030
080803077167116744030
080803077104881848030
080803077161641832030
080803077193662019030
080803077197825091030
080803077149197381030
080803077115824815030
080803077193144573030
080803077167183674030
080803077126523415030
080803077102597328030
080803077183022171030
080803077111937159030
080803077144694623030
080803077103167386030
080803077115250756030
080803077171461864030
080803077140222414030
080803077129377092030
080803077179154941030
080803077183569247030
080803077185963098030
080803077112376387030
080803077186659039030
080803077164202193030
080803077103752711030
080803077162546719030
080803077120431594030
080803077196573717030
080803077166225152030
080803077184489075030
080803077190873740030
080803077108885897030
080803077110608214030
080803077189785526030
080803077170335797030
080803077182085035030
080803077197722522030
080803077176767318030
080803077171371554030
080803077162391594030
080803077170008731030
080803077111244018030
080803077181909433030
080803077146266261030
080803077174865491030
080803077122665510030
080803077132848187030
080803077140836753030
080803077171716830030
080803077102165556030
080803077130320596030
080803077121320310030
080803077156483028030
080803077171181611030
080803077168172819030
080803077188026066030
080803077139144109030
080803077169969847030
080803077167392161030
080803077101281734030
080803077186433311030
080803077198011752030
080803077140017655030
080803077154603381030
080803077181897418030
080803077121145539030
080803077189947102030
080803077116745174030
080803077174798972030
080803077121627781030
080803077127310129030
080803077115770771030
080803077187100248030
080803077187394368030
080803077159532520030
080803077173885622030
080803077101474094030
080803077130088935030
080803077166615675030
080803077182007867030
080803077105687767030
080803077195942417030
080803077157263047030
080803077187244783030
080803077191613725030
080803077172664562030
080803077128283263030
080803077108436419030
080803077157600697030
080803077133788924030
080803077101834164030
080803077166656679030
080803077136321166030
080803077176309269030
080803077193594564030
080803077105197123030
080803077128152816030
080803077142454758030
080803077187354809030
080803077114917589030
080803077100019178030
080803077147928118030
080803077109998615030
080803077135387146030
080803077106806488030
080803077178868882030
080803077187124851030
080803077160769291030
080803077145179763030
080803077128385677030
080803077122530129030
080803077149432624030
080803077154337931030
080803077106105018030
080803077197563097030
080803077148160805030
080803077168212777030
080803077181315390030
080803077149456110030
080803077177334291030
080803077156949127030
080803077159322315030
080803077134008850030
080803077190136395030
080803077196206798030
080803077129450544030
080803077157364072030
080803077129305688030
080803077103947020030
080803077194158466030
080803077119747831030
080803077103055311030
080803077171199831030
080803077136863488030
080803077104073041030
080803056222781701030
080803056233029543030
080803056254615105030
080803056253446935030
080803056259438323030
080803056283565174030
080803056233031523030
080803056289696915030
080803056221069678030
080803056295265743030
080702060269550075030
080702060289771356030
080702060241257746030
080702060275814902030
080702060266270036030
080701085298813398030
080701085244410905030
080701085225923698030
080701085239341033030
080701085261812915030
