080709130114059428030
080709130180385911030
080709130105858591030
080709130165074567030
080709130197243719030
080709130142300770030
080709130187930393030
080709130190692841030
080709130125815581030
080709130188379271030
080709130131751028030
080709130185743339030
080709130132565446030
080709130121071666030
080709130184189971030
080709130150864171030
080709130175781219030
080709130156790628030
080709130154083212030
080709130110704453030
080709130185816982030
080709130127489130030
080709130172508710030
080709130198407292030
080709130135064600030
080709130141202071030
080709130124113924030
080709130132457374030
080709130185102699030
080709130189195944030
080709130136301224030
080709130127360608030
080709130110548975030
080709130108897206030
080709130126870437030
080709130141983072030
080709130148129237030
080709130113747460030
080709130125767493030
080709130178540770030
080709130198228111030
080709130118821596030
080709130116763640030
080709130190376627030
080709130190252797030
080709130189702463030
080709130173057522030
080709130134146585030
080709130193743612030
080709130139174877030
080709130115942827030
080709130185362307030
080709130131046246030
080709130106229493030
080709130155608961030
080709130138549620030
080709130131578458030
080709130168333955030
080709130123324427030
080709130164635928030
080709130188044901030
080709130169260896030
080709130146026104030
080709130189025025030
080709130180899641030
080709130193877495030
080709130162936821030
080709130189612672030
080709130194962392030
080709130124764048030
080709130100981619030
080709130137979150030
080709130180096338030
080709130188074807030
080709130100084331030
080709130194448463030
080709130161260188030
080709130190957314030
080709130157935108030
080709130138593636030
080709130110709039030
080709130127312244030
080709130132700228030
080709130113891421030
080709130178387682030
080709130143545099030
080709130134711633030
080709130163166593030
080709130159484452030
080709130136526249030
080709130148377085030
080709130141930577030
080709130199248780030
080709130147574371030
080709130199194816030
080709130132930304030
080709130117887264030
080709130142344089030
080709130197015245030
080709130133074781030
080709130106042274030
080709130117797154030
080709130113140962030
080709130151705871030
080709130157524237030
080709130166815553030
080709130122667117030
080709130158871581030
080709130140733984030
080709130122394832030
080709130184837213030
080709130198466627030
080709130119991365030
080709130141864085030
080709130104613272030
080709130179305194030
080709130176434742030
080709130108975758030
080709130134559691030
080709130111075808030
080709130128280549030
080709130192675414030
080709130118643870030
080709130115036773030
080709130168689063030
080709130157003630030
080709130169756700030
080709130143155903030
080709130149645761030
080709130169650872030
080709130191871728030
080709130171143514030
080709130182070100030
080709130149847209030
080709130165196961030
080709130116781186030
080709130147820473030
080709130120087872030
080709130106816031030
080709130191996690030
080709130184825150030
080709130137546634030
080709130110172848030
080709130135902543030
080709130186373684030
080709130129760073030
080709130198776073030
080709130182289325030
080709130189513043030
080709130102376699030
080709130145726504030
080709130188526549030
080709130110678509030
080709130192196974030
080709130198472590030
080709130138928241030
080709130121490837030
080709130125918021030
080709130137999655030
080709130189863419030
080709130180109819030
080709130193594309030
080709130111338000030
080709130187165690030
080709130123980042030
080709130175988537030
080709130192038072030
080709130196624790030
080709130103933988030
080709130107066572030
080709130117929249030
080709130168866794030
080709130190909856030
080709130128819816030
080709130141247875030
080709130121350473030
080709130125074336030
080709130151273786030
080709130157138965030
080709130145325323030
080709130128422691030
080709130178923336030
080709130161964053030
080709130171198985030
080709130130408735030
080709130101319488030
080709130167197580030
080709130150571578030
080709130195605571030
080709130196964697030
080709130134853928030
080709130160099578030
080709130169336743030
080709130178863515030
080709130135192103030
080709130110278889030
080709130113804162030
080709130142093482030
080709130113598184030
080709130192699906030
080715131278270871030
080715131213690955030
080715131249208431030
080715131276845224030
080715131249592198030
080715131236003473030
080715131237471768030
080715131299088761030
080715131228829578030
080715131270855821030
080715131275771412030
080715131202285909030
080715131279681732030
080715131274571583030
080715131271778231030
080715131207480379030
080715131241001124030
080715131292711273030
080715131265781330030
080715131237804298030
080715131282200013030
080715131280473053030
080715131292246649030
080715131219376765030
080715131299810732030
080715131222464308030
080715131214033934030
080715131226874378030
080715131210472483030
080715131260759129030
080715131211625592030
080715131260047810030
080715131204889832030
080715131242306929030
080715131207708615030
080715131278142166030
080715131249949587030
080715131225705999030
080715131222093313030
080715131218700792030
080715131257133133030
080715131292182216030
080715131225675925030
080715131225741147030
080715131290234107030
080715131226293346030
080715131248579579030
080715131265416292030
080715131243981038030
080715131295237079030
080715131273527305030
080715131210252884030
080715131280998823030
080715131274409268030
080715131262109898030
080715131280366945030
080715131216129383030
080715131271505429030
080715131260597323030
080715131258193351030
080715131262294841030
080715131208675795030
080715131214682656030
080715131234239396030
080715131213008922030
080715131207720088030
080715131233057216030
080715131252551440030
080715131256734646030
080715131283066765030
080715131295684372030
080715131269891926030
080715131276872650030
080715131298910344030
080715131215607717030
080715131264680510030
080715131227153473030
080715131208169012030
080715131241628606030
080715131298608531030
080715131224248599030
080715131262710977030
080715131238821777030
080715131251106638030
080715131270592489030
080715131233966590030
080715131275673364030
080715131204904305030
080715131265064943030
080715131225217460030
080715131245272021030
080715131259310399030
080715131253810180030
080715131200453057030
080715131272797572030
080715131291054775030
080715131274606075030
080715131292124589030
080715131296681366030
080715131242884530030
080715131202543690030
080715131256487498030
080715131298065189030
080715131282173399030
080715131281527959030
080715131205482710030
080715131256252765030
080715131279685598030
080715131228967259030
080715131205351162030
080715131259498217030
080715131222746336030
080715131229465772030
080715131255525734030
080715131211504322030
080715131203268403030
080715131264300366030
080715131236679697030
080715131247185130030
080715131249171597030
080715131215506494030
080715131201059187030
080715131211027545030
080715131269411596030
080715131262367020030
080715131252326489030
080715131263706578030
080715131259994340030
080715131254177287030
080715131266002999030
080715131277208755030
080715131271666772030
080715131212654240030
080715131242724391030
080715131278348990030
080715131259832877030
080715131289147210030
080715131215203223030
080715131280306644030
080715131205017995030
080715131260321448030
080715131270439662030
080715131249138032030
080715131275546749030
080715131269654077030
080715131294081837030
080715131284970011030
080715131205753372030
080715131250379828030
080715131293490878030
080715131202866144030
080715131267192739030
080715131248972143030
080715131263971364030
080715131254595661030
080715131260122832030
080715131203534450030
080715131202236557030
080715131224885069030
080715131236738462030
080715131294668838030
080715131254937349030
080715131288919765030
080715131295356879030
080715131233349481030
080715131286710192030
080715131271580099030
080715131253557969030
080715131265017709030
080715131249965755030
080715131206409045030
080715131222502893030
080715131213560150030
080715131250268638030
080715131203090731030
080715131211945167030
080715131208531204030
080715131290103701030
080715131249400235030
080715131281340729030
080715131284809155030
080715131218127695030
080715131275355282030
080715131212486712030
080715131207705640030
080715131210668925030
080715131282061955030
080715131230738309030
080715131213047329030
080715131242796795030
080715131200293609030
080715131274981827030
080715131240724876030
080715131213257024030
080715131229256869030
080715131255173888030
080715131250496679030
080715131214029015030
080715131238275879030
080715131222183918030
080812060265675176030
080812060264125953030
080812060281542095030
080812060206928263030
080812060239789599030
080812060219677739030
080812060256850621030
080812060215249777030
080812060200615924030
080812060237409794030
