080826133277068665012
080826133259629476012
080826133269642795012
080826133248458676012
080826133298096538012
080826133233314934012
080826133270972074012
080826133263488657012
080826133263483552012
080826133245690095012
080826133240929611012
080826133266511829012
080826133298717325012
080826133220053726012
080826133250253963012
080826133264225390012
080826133244320431012
080826133292665940012
080826133284095612012
080826133210632753012
080826133203792122012
080826133232946643012
080826133233155261012
080826133246148300012
080826133236157054012
080826133264897047012
080826133237959380012
080826133282906467012
080826133210724898012
080826133297449727012
080826133282304571012
080826133285260496012
080826133227159078012
080826133221803190012
080826133206011221012
080826133274342971012
080826133274096961012
080826133264433923012
080826133245105493012
080826133231292494012
080826133234315417012
080826133297927404012
080826133297276633012
080826133243753512012
080826133256402438012
080826133299005198012
080826133268076996012
080826133270631732012
080826133292086904012
080826133205396675012
080826133240438795012
080826133239368929012
080826133278946437012
080826133228117675012
080826133249101879012
080826133221692189012
080826133278406608012
080826133208367214012
080826133205722420012
080826133251075412012
080826133245913393012
080826133215810685012
080826133227720287012
080826133211796083012
080826133270368652012
080826133287747190012
080826133292044817012
080826133200368912012
080826133208136180012
080826133248404493012
080826133207460523012
080826133222450248012
080826133298739911012
080826133217274051012
080826133252778337012
080826133239907956012
080826133250110329012
080826133265697278012
080826133266159730012
080826133241084879012
080826133297282463012
080826133265361583012
080826133276137407012
080826133232230799012
080826133295476090012
080826133258397661012
080826133217820492012
080826133286442960012
080826133259706734012
080826133235937944012
080826133298018544012
080826133272920807012
080826133208726387012
080826133286635537012
080826133290055219012
080826133243375918012
080826133277294517012
080826133288037828012
080826133208152814012
080826133247861913012
080807132222846199012
080807132203350564012
080807132231988206012
080807132233348547012
080807132242501028012
080807132223060282012
080807132291758079012
080807132265754120012
080807132281724984012
080807132228373299012
080807132207971632012
080807132272141929012
080807132248037549012
080807132229009258012
080807132237277426012
080807132254806819012
080807132214145205012
080807132216221655012
080807132299936823012
080807132238729272012
080807132213363996012
080807132232482316012
080807132287756008012
080807132285665373012
080807132207666878012
080807132298198089012
080807132217877972012
080807132224310671012
080807132296164335012
080807132256798170012
080807132223698693012
080807132218395568012
080807132247556579012
080807132214573595012
080807132297406984012
080807132274038125012
080807132233238086012
080807132233613419012
080807132247314932012
080807132267885090012
080807132212133023012
080807132230399001012
080807132245791756012
080807132240879927012
080807132208732080012
080807132288024638012
080807132224514947012
080807132267153641012
080807132285585246012
080807132244120606012
080807132256667213012
080807132207516870012
080807132249206134012
080807132255406495012
080807132258000846012
080807132245590244012
080807132228554043012
080807132264473311012
080807132293640423012
080807132258272061012
080807132298681130012
080807132233433775012
080807132213149487012
080807132292642847012
080807132273542581012
080807132294584598012
080807132231090045012
080807132209878555012
080807132279878212012
080807132286102233012
080807132241362789012
080807132288102959012
080807132242003572012
080807132286227959012
080807132292308294012
080807132233829266012
080807132200552655012
080807132247236323012
080807132234679733012
080807132285067016012
080807132284226744012
080807132236791999012
080807132282003411012
080807132276814146012
080807132258588841012
080807132290843650012
080807132202904885012
080807132206070591012
080807132270996980012
080807132292322415012
080807132232278015012
080807132237131768012
080807132267564612012
080807132298230447012
080807132269878450012
080807132239017220012
080807132293272401012
080807132202380421012
080807132255725796012
080807132278215982012
080106124116824795012
080106124131641854012
080106124139335307012
080106124136386160012
080106124153436000012
080106124125833516012
080106124138324702012
080106124188100904012
080106124142323182012
080106124114040658012
080106124108635433012
080106124170573098012
080106124160038464012
080106124177584394012
080106124101085744012
080106124119524586012
080106124107591203012
080106124148004937012
080106124134917934012
080106124144237110012
080106124117816943012
080106124156590830012
080106124137206597012
080106124148788731012
080106124126652568012
080106124168752538012
080106124123828994012
080106124131063363012
080106124188206882012
080106124125987915012
080106124190949861012
080106124158124913012
080106124149669036012
080106124176104331012
080106124147892810012
080106124196540428012
080106124192213527012
080106124100674265012
080106124118428855012
080106124254364849012
080106124266960006012
080106124193027549012
080106124199374304012
080106124151653445012
080106124100811609012
080106124278159820012
080106124281220725012
080106124207860828012
080106124168439120012
080106124206517988012
080106124226293952012
080106124216536287012
080106124102780439012
080106124282670110012
080106124151237275012
080106124234836628012
080106124295503590012
080106124198279518012
080106124261451700012
080106124162388879012
080106124161182347012
080106124286803999012
080106124289205267012
080106124118585766012
080106124182938699012
080106124264573908012
080106124256623579012
080106124283259434012
080106124281647493012
080106124286915914012
080106124216478511012
080106124243002732012
080106124173291865012
080106124197673273012
080106124266524140012
080106124212771003012
080106124239862924012
080106124294627343012
080106124267261969012
080106124225609852012
080106124222905329012
080106124220044644012
080106124183365770012
080106124256915350012
080106124201570133012
080106124234916418012
080106124211732711012
080106124217784111012
080106124257887925012
080106124108823707012
080106124250041197012
080106124204366671012
080106124224802833012
080106124219957484012
080106124259012502012
080106124129228659012
080106124203096007012
080106124280982284012
080106124276731880012
080106124218601757012
080106124214205026012
080106124100694328012
080106124174821530012
080106124265536371012
080106124136995064012
080106124156354142012
080106124110285305012
080106124123307688012
080106124164889737012
080106124101456364012
080106124171728398012
080106124195818315012
080106124191169030012
080106124170230294012
080106124155444081012
080106124160025503012
080106124144568709012
080106124161063522012
080106124131913689012
080106124133116698012
080106124194045108012
080106124177889684012
080106124118813651012
080106124160699216012
080106124165282738012
080106124278239550012
080106124270604739012
080106124176663907012
080106124141256673012
080106124102567358012
080106124155333158012
080106124168243828012
080106124245416492012
080106124212573294012
080106124236051131012
080106124287213897012
080106124251399657012
080106124248953834012
080106124243513873012
080106124266785710012
080106124289547469012
080106124205261953012
080106124230624788012
080106124239977116012
080106124103987735012
080106124179548629012
080106124209540135012
080106124269033273012
080106124269492132012
080106124185420213012
080106124235890231012
080106124112704799012
080106124201941106012
080106124115193869012
080106124219357090012
080106124283141623012
080106124207433844012
080106124114079571012
080106124280960012012
080106124292113554012
080106124243635460012
080106124265973707012
080106124251289567012
080106124272830117012
080106124119373913012
080106124122081377012
080106124103742482012
080106124171251339012
080106124248024671012
080106124269049440012
