080721067273010691012
080721067293313849012
080721067225709833012
080721067283182158012
080721067205260603012
080721067278568769012
080721067290470692012
080721067255196852012
080721067292081233012
080721067211211223012
080721067235233528012
080721067237966934012
080721067216151489012
080721067247384592012
080721067243833824012
080721067279031384012
080721067276392363012
080721067206628214012
080721067239187426012
080721067216189688012
080812040272059022020
080812040201654555020
080812040291361890020
080812040202069921020
080812040266072058020
080812040214393034020
080401128296605858012
080401128263078601012
080401128295176406012
080401128230463088012
080401128258283295012
