080919111165418671,080919111165418671,2,
080919111174484145,080919111165418671,1,
080919111113400964,080919111165418671,1,
080919111175707050,080919111165418671,1,
080919111180209536,080919111165418671,1,
080919111180721026,080919111165418671,1,
080919111128161369,080919111165418671,1,
080919111146717280,080919111165418671,1,
080919111166062240,080919111165418671,1,
080919111120079798,080919111165418671,1,
080919111131993609,080919111165418671,1,
080919111112493943,080919111165418671,1,
080919111175187287,080919111165418671,1,
080919111135617726,080919111165418671,1,
080919111183288669,080919111165418671,1,
080919111133904994,080919111165418671,1,
080919111160864132,080919111165418671,1,
080919111176757804,080919111165418671,1,
080919111145225014,080919111165418671,1,
080919111162662836,080919111165418671,1,
080919111181494868,080919111165418671,1,
080919111195678694,080919111165418671,1,
080919111160215457,080919111165418671,1,
080919111140847224,080919111165418671,1,
080919111180257869,080919111165418671,1,
080919111154661873,080919111165418671,1,
080919111189528432,080919111165418671,1,
080919111138738842,080919111165418671,1,
080919111128343709,080919111165418671,1,
080919111195016943,080919111165418671,1,
080919111173365754,080919111165418671,1,
080919111189647283,080919111165418671,1,
080919111148252364,080919111165418671,1,
080919111178013859,080919111165418671,1,
080919111174015987,080919111165418671,1,
080919111153843122,080919111165418671,1,
080919111111176135,080919111165418671,1,
080919111156063995,080919111165418671,1,
080919111143879894,080919111165418671,1,
080919111192647223,080919111165418671,1,
080919111178293968,080919111165418671,1,
080919111179157154,080919111165418671,1,
080919111133128979,080919111165418671,1,
080919111168319170,080919111165418671,1,
080919111180996467,080919111165418671,1,
080919111190863892,080919111165418671,1,
080919111104051097,080919111165418671,1,
080919111102050446,080919111165418671,1,
080919111101483086,080919111165418671,1,
080919111160383991,080919111165418671,1,
080919111109079742,080919111165418671,1,
080919111176269927,080919111165418671,1,
080919111170045628,080919111165418671,1,
080919111141817047,080919111165418671,1,
080919111188143698,080919111165418671,1,
080919111122218196,080919111165418671,1,
080919111140162759,080919111165418671,1,
080919111174745613,080919111165418671,1,
080919111194982419,080919111165418671,1,
080919111100116817,080919111165418671,1,
080919111182835141,080919111165418671,1,
080919111121258583,080919111165418671,1,
080919111197467709,080919111165418671,1,
080919111183244674,080919111165418671,1,
080919111137545489,080919111165418671,1,
080919111143656331,080919111165418671,1,
080919111131088311,080919111165418671,1,
080919111192992152,080919111165418671,1,
080919111158490147,080919111165418671,1,
080919111172219731,080919111165418671,1,
080919111175136741,080919111165418671,1,
080919111109560124,080919111165418671,1,
080919111196873110,080919111165418671,1,
080919111170238378,080919111165418671,1,
080919111151701762,080919111165418671,1,
080919111165139074,080919111165418671,1,
080919111102152950,080919111165418671,1,
080919111107002925,080919111165418671,1,
080919111132483858,080919111165418671,1,
080919111122109877,080919111165418671,1,
080919111148459363,080919111165418671,1,
080919111106912967,080919111106912967,2,
080919111179262894,080919111106912967,1,
080919111131860896,080919111106912967,1,
080919111166143802,080919111106912967,1,
080919111149069277,080919111106912967,1,
080919111113639252,080919111106912967,1,
080919111154593036,080919111106912967,1,
080919111116416151,080919111106912967,1,
080919111166723320,080919111106912967,1,
080919111116794828,080919111106912967,1,
080919111133487840,080919111106912967,1,
080919111152776905,080919111106912967,1,
080919111119304000,080919111106912967,1,
080919111129918266,080919111106912967,1,
080919111139844934,080919111106912967,1,
080919111133295817,080919111106912967,1,
080919111160182880,080919111106912967,1,
080919111104500179,080919111106912967,1,
080919111193044050,080919111106912967,1,
080919111102273582,080919111106912967,1,
080919111150368455,080919111106912967,1,
080919111103741021,080919111106912967,1,
080919111177396802,080919111106912967,1,
080919111121901774,080919111106912967,1,
080919111132222579,080919111106912967,1,
080919111176832888,080919111106912967,1,
080919111124962946,080919111106912967,1,
080919111130777976,080919111106912967,1,
080919111166254826,080919111106912967,1,
080919111177162032,080919111106912967,1,
080919111103251065,080919111106912967,1,
080919111102974952,080919111106912967,1,
080919111104455800,080919111106912967,1,
080919111145912267,080919111106912967,1,
080919111168463733,080919111106912967,1,
080919111178690498,080919111106912967,1,
080919111197115365,080919111106912967,1,
080919111154573249,080919111106912967,1,
080919111158860743,080919111106912967,1,
080919111199328987,080919111106912967,1,
080919111108714905,080919111106912967,1,
080919111144044640,080919111106912967,1,
080919111127762651,080919111106912967,1,
080919111138165182,080919111106912967,1,
080919111168553395,080919111106912967,1,
080919111166916156,080919111106912967,1,
080919111146348150,080919111106912967,1,
080919111145494778,080919111106912967,1,
080919111148621117,080919111106912967,1,
080919111184470259,080919111106912967,1,
080919111145009835,080919111106912967,1,
080919111163405340,080919111106912967,1,
080919111180410037,080919111106912967,1,
080919111147814714,080919111106912967,1,
080919111197016549,080919111106912967,1,
080919111152587660,080919111106912967,1,
080919111155209638,080919111106912967,1,
080919111108421316,080919111106912967,1,
080919111144798786,080919111106912967,1,
080919111165831314,080919111106912967,1,
080919111196300605,080919111106912967,1,
080919111118480538,080919111106912967,1,
080919111146206121,080919111106912967,1,
080919111163847075,080919111106912967,1,
080919111162891611,080919111106912967,1,
080919111128101154,080919111106912967,1,
080919111145961447,080919111106912967,1,
080919111187696317,080919111106912967,1,
080919111118264431,080919111106912967,1,
080919111191865648,080919111106912967,1,
080919111104042328,080919111106912967,1,
080919111189588024,080919111106912967,1,
080919111192708558,080919111106912967,1,
080919111178853885,080919111106912967,1,
080919111173940330,080919111106912967,1,
080919111121903671,080919111106912967,1,
080919111168505657,080919111106912967,1,
080919111111473368,080919111106912967,1,
080919111114845255,080919111106912967,1,
080919111154031952,080919111106912967,1,
080919111177064302,080919111106912967,1,
080919111170808852,080919111170808852,2,
080919111169058578,080919111170808852,1,
080919111120184520,080919111170808852,1,
080919111181566586,080919111170808852,1,
080919111198436820,080919111170808852,1,
080919111189748163,080919111170808852,1,
080919111190521069,080919111170808852,1,
080919111130190575,080919111170808852,1,
080919111145459267,080919111170808852,1,
080919111125427493,080919111170808852,1,
080919111116452175,080919111170808852,1,
080919111177358341,080919111170808852,1,
080919111165066557,080919111170808852,1,
080919111140165254,080919111170808852,1,
080919111129168400,080919111170808852,1,
080919111183230389,080919111170808852,1,
080919111128758363,080919111170808852,1,
080919111185361128,080919111170808852,1,
080919111102059758,080919111170808852,1,
080919111189216374,080919111170808852,1,
080919111155616460,080919111170808852,1,
080919111111226871,080919111170808852,1,
080919111185396595,080919111170808852,1,
080919111158696978,080919111170808852,1,
080919111119029452,080919111170808852,1,
080919111180121976,080919111170808852,1,
080919111120298694,080919111170808852,1,
080919111130650787,080919111170808852,1,
080919111171379093,080919111170808852,1,
080919111134255127,080919111170808852,1,
080919111179137548,080919111170808852,1,
080919111178400564,080919111170808852,1,
080919111162774777,080919111170808852,1,
080919111134900189,080919111170808852,1,
080919111103312023,080919111170808852,1,
080919111133514803,080919111170808852,1,
080919111155406368,080919111170808852,1,
080919111121475544,080919111170808852,1,
080919111144913791,080919111170808852,1,
080919111166084479,080919111170808852,1,
080919111190845541,080919111170808852,1,
080919111158050978,080919111170808852,1,
080919111163422258,080919111170808852,1,
080919111129300965,080919111170808852,1,
080919111129200898,080919111170808852,1,
080919111196017165,080919111170808852,1,
080919111102048367,080919111170808852,1,
080919111154673936,080919111170808852,1,
080919111113854085,080919111170808852,1,
080919111185774678,080919111170808852,1,
080919111123961513,080919111170808852,1,
080919111112261175,080919111170808852,1,
080919111116805615,080919111170808852,1,
080919111189304292,080919111170808852,1,
080919111187463578,080919111170808852,1,
080919111165486166,080919111170808852,1,
080919111167734432,080919111170808852,1,
080919111149205490,080919111170808852,1,
080919111125942038,080919111170808852,1,
080919111154519785,080919111170808852,1,
080919111138732041,080919111170808852,1,
080919111125669067,080919111170808852,1,
080919111100781667,080919111170808852,1,
080919111120849594,080919111170808852,1,
080919111171008015,080919111170808852,1,
080919111150865677,080919111170808852,1,
080919111183998038,080919111170808852,1,
080919111147566198,080919111170808852,1,
080919111128924219,080919111170808852,1,
080919111115004803,080919111170808852,1,
080919111104854846,080919111170808852,1,
080919111154972151,080919111170808852,1,
080919111140789237,080919111170808852,1,
080919111152686431,080919111170808852,1,
080919111117940854,080919111170808852,1,
080919111123366347,080919111170808852,1,
080919111199883552,080919111170808852,1,
080919111102972933,080919111170808852,1,
080919111182276547,080919111170808852,1,
080919111187918359,080919111170808852,1,
080919111126308039,080919111170808852,1,
080919111148181095,080919111148181095,2,
080919111161211699,080919111148181095,1,
080919111107220853,080919111148181095,1,
080919111182552272,080919111148181095,1,
080919111119485580,080919111148181095,1,
080919111196178884,080919111148181095,1,
080919111133371332,080919111148181095,1,
080919111120898845,080919111148181095,1,
080919111169383881,080919111148181095,1,
080919111137135796,080919111148181095,1,
080919111128561650,080919111148181095,1,
080919111101544411,080919111148181095,1,
080919111168966874,080919111148181095,1,
080919111148793098,080919111148181095,1,
080919111134181402,080919111148181095,1,
080919111187771876,080919111148181095,1,
080919111148624023,080919111148181095,1,
080919111179932376,080919111148181095,1,
080919111112422250,080919111148181095,1,
080919111198890593,080919111148181095,1,
080919111171647120,080919111148181095,1,
080919111161243303,080919111148181095,1,
080919111103673890,080919111148181095,1,
080919111107171256,080919111148181095,1,
080919111108216751,080919111148181095,1,
080919111187816763,080919111148181095,1,
080919111179214706,080919111148181095,1,
080919111175814639,080919111148181095,1,
080919111171730670,080919111148181095,1,
080919111178952130,080919111148181095,1,
080919111172257741,080919111148181095,1,
080919111134210406,080919111148181095,1,
080919111161491480,080919111148181095,1,
080919111105020199,080919111148181095,1,
080919111152172409,080919111148181095,1,
080919111165748162,080919111148181095,1,
080919111190579645,080919111148181095,1,
080919111111241513,080919111148181095,1,
080919111163068466,080919111148181095,1,
080919111190419560,080919111148181095,1,
080919111140374141,080919111148181095,1,
080919111156885876,080919111148181095,1,
080919111165426593,080919111148181095,1,
080919111181704205,080919111148181095,1,
080919111162276450,080919111148181095,1,
080919111192143853,080919111148181095,1,
080919111109327277,080919111148181095,1,
080919111198903950,080919111148181095,1,
080919111187485256,080919111148181095,1,
080919111161415137,080919111148181095,1,
080919111138370290,080919111148181095,1,
080919111174215189,080919111148181095,1,
080919111188173225,080919111148181095,1,
080919111134081293,080919111148181095,1,
080919111113467318,080919111148181095,1,
080919111170912787,080919111148181095,1,
080919111105758049,080919111148181095,1,
080919111154141004,080919111148181095,1,
080919111196076923,080919111148181095,1,
080919111158303238,080919111148181095,1,
080919111101592294,080919111148181095,1,
080919111170186156,080919111148181095,1,
080919111127400900,080919111148181095,1,
080919111159760296,080919111148181095,1,
080919111136605642,080919111148181095,1,
080919111156297111,080919111148181095,1,
080919111150937823,080919111148181095,1,
080919111145392565,080919111148181095,1,
080919111143557779,080919111148181095,1,
080919111132763654,080919111148181095,1,
080919111154769467,080919111148181095,1,
080919111167589718,080919111148181095,1,
080919111183358367,080919111148181095,1,
080919111181984479,080919111148181095,1,
080919111152275204,080919111148181095,1,
080919111177512410,080919111148181095,1,
080919111117599902,080919111148181095,1,
080919111143052030,080919111148181095,1,
080919111136576920,080919111148181095,1,
080919111126582456,080919111148181095,1,
080919111198140448,080919111148181095,1,
080919111170456210,080919111170456210,2,
080919111116132298,080919111170456210,1,
080919111167098208,080919111170456210,1,
080919111156612297,080919111170456210,1,
080919111114376505,080919111170456210,1,
080919111185164703,080919111170456210,1,
080919111150211542,080919111170456210,1,
080919111173284105,080919111170456210,1,
080919111137014869,080919111170456210,1,
080919111164831127,080919111170456210,1,
080919111147241150,080919111170456210,1,
080919111192257775,080919111170456210,1,
080919111189869594,080919111170456210,1,
080919111124645037,080919111170456210,1,
080919111180579418,080919111170456210,1,
080919111162812772,080919111170456210,1,
080919111113902456,080919111170456210,1,
080919111128795215,080919111170456210,1,
080919111131494290,080919111170456210,1,
080919111147448770,080919111170456210,1,
080919111170732128,080919111170456210,1,
080919111196462235,080919111170456210,1,
080919111140007279,080919111170456210,1,
080919111187346362,080919111170456210,1,
080919111112431394,080919111170456210,1,
080919111111036783,080919111170456210,1,
080919111160689049,080919111170456210,1,
080919111134606423,080919111170456210,1,
080919111100419639,080919111170456210,1,
080919111114728431,080919111170456210,1,
080919111151720374,080919111170456210,1,
080919111150809416,080919111170456210,1,
080919111185845717,080919111170456210,1,
080919111165997063,080919111170456210,1,
080919111166319630,080919111170456210,1,
080919111186054137,080919111170456210,1,
080919111100020231,080919111170456210,1,
080919111108754065,080919111170456210,1,
080919111146958819,080919111170456210,1,
080919111193623148,080919111170456210,1,
080919111126245945,080919111170456210,1,
080919111194690180,080919111170456210,1,
080919111143637395,080919111170456210,1,
080919111134826035,080919111170456210,1,
080919111104890355,080919111170456210,1,
080919111193894131,080919111170456210,1,
080919111128935044,080919111170456210,1,
080919111150022670,080919111170456210,1,
080919111177065113,080919111170456210,1,
080919111148557564,080919111170456210,1,
080919111133954438,080919111170456210,1,
080919111192432558,080919111170456210,1,
080919111114150014,080919111170456210,1,
080919111190050072,080919111170456210,1,
080919111139974262,080919111170456210,1,
080919111133237334,080919111170456210,1,
080919111169437632,080919111170456210,1,
080919111121702239,080919111170456210,1,
080919111178394090,080919111170456210,1,
080919111102816711,080919111170456210,1,
080919111173214641,080919111170456210,1,
080919111153873929,080919111170456210,1,
080919111192206616,080919111170456210,1,
080919111163470353,080919111170456210,1,
080919111107782635,080919111170456210,1,
080919111156656716,080919111170456210,1,
080919111162099594,080919111170456210,1,
080919111177490934,080919111170456210,1,
080919111103213378,080919111170456210,1,
080919111183358285,080919111170456210,1,
080919111139054418,080919111170456210,1,
080919111185066049,080919111170456210,1,
080919111122025445,080919111170456210,1,
080919111185352120,080919111170456210,1,
080919111155571053,080919111170456210,1,
080919111138587352,080919111170456210,1,
080919111126489428,080919111170456210,1,
080919111113846003,080919111170456210,1,
080919111172741091,080919111170456210,1,
080919111199145545,080919111170456210,1,
080919111156687293,080919111170456210,1,
080919111110212691,080919111110212691,2,
080919111142853908,080919111110212691,1,
080919111119229295,080919111110212691,1,
080919111165027223,080919111110212691,1,
080919111156650696,080919111110212691,1,
080919111135398578,080919111110212691,1,
080919111140021174,080919111110212691,1,
080919111113990393,080919111110212691,1,
080919111183460652,080919111110212691,1,
080919111184367463,080919111110212691,1,
080919111132939977,080919111110212691,1,
080919111153477986,080919111110212691,1,
080919111154922375,080919111110212691,1,
080919111149240270,080919111110212691,1,
080919111148035257,080919111110212691,1,
080919111125078977,080919111110212691,1,
080919111118327327,080919111110212691,1,
080919111184227771,080919111110212691,1,
080919111129839610,080919111110212691,1,
080919111102863849,080919111110212691,1,
080919111129955283,080919111110212691,1,
080919111138708430,080919111110212691,1,
080919111127301828,080919111110212691,1,
080919111124253377,080919111110212691,1,
080919111137027937,080919111110212691,1,
080919111164863133,080919111110212691,1,
080919111194052556,080919111110212691,1,
080919111154417024,080919111110212691,1,
080919111184992843,080919111110212691,1,
080919111123904362,080919111110212691,1,
080919111100262388,080919111110212691,1,
080919111133757796,080919111110212691,1,
080919111152881695,080919111110212691,1,
080919111167300891,080919111110212691,1,
080919111187010909,080919111110212691,1,
080919111122441955,080919111110212691,1,
080919111172164177,080919111110212691,1,
080919111137171296,080919111110212691,1,
080919111118918981,080919111110212691,1,
080919111174892476,080919111110212691,1,
080919111116122944,080919111110212691,1,
080919111105989260,080919111110212691,1,
080919111123956000,080919111110212691,1,
080919111139199744,080919111110212691,1,
080919111116974508,080919111110212691,1,
080919111103723357,080919111110212691,1,
080919111174604939,080919111110212691,1,
080919111160712641,080919111110212691,1,
080919111132982815,080919111110212691,1,
080919111102903360,080919111110212691,1,
080919111123072162,080919111110212691,1,
080919111117962632,080919111110212691,1,
080919111126466259,080919111110212691,1,
080919111143700865,080919111110212691,1,
080919111111650564,080919111110212691,1,
080919111143839512,080919111110212691,1,
080919111131685602,080919111110212691,1,
080919111189504635,080919111110212691,1,
080919111110620518,080919111110212691,1,
080919111198803043,080919111110212691,1,
080919111127940550,080919111110212691,1,
080919111180616155,080919111110212691,1,
080919111162271999,080919111110212691,1,
080919111125275611,080919111110212691,1,
080919111147542667,080919111110212691,1,
080919111188115197,080919111110212691,1,
080919111127814480,080919111110212691,1,
080919111186224000,080919111110212691,1,
080919111151661527,080919111110212691,1,
080919111156493347,080919111110212691,1,
080919111138619566,080919111110212691,1,
080919111131252872,080919111110212691,1,
080919111191797013,080919111110212691,1,
080919111124859379,080919111110212691,1,
080919111166966001,080919111110212691,1,
080919111122359824,080919111110212691,1,
080919111129920790,080919111110212691,1,
080919111163663856,080919111110212691,1,
080919111162175589,080919111110212691,1,
080919111100014627,080919111110212691,1,
080919111107551161,080919111110212691,1,
080919111127037382,080919111127037382,2,
080919111189327683,080919111127037382,1,
080919111139419948,080919111127037382,1,
080919111175969192,080919111127037382,1,
080919111165350723,080919111127037382,1,
080919111177993088,080919111127037382,1,
080919111168963279,080919111127037382,1,
080919111196257255,080919111127037382,1,
080919111110803461,080919111127037382,1,
080919111189192458,080919111127037382,1,
080919111139747385,080919111127037382,1,
080919111111802136,080919111127037382,1,
080919111153786360,080919111127037382,1,
080919111185295587,080919111127037382,1,
080919111125141859,080919111127037382,1,
080919111192017407,080919111127037382,1,
080919111126479826,080919111127037382,1,
080919111118501840,080919111127037382,1,
080919111166556467,080919111127037382,1,
080919111180161854,080919111127037382,1,
080919111171272811,080919111127037382,1,
080919111129303019,080919111127037382,1,
080919111114061791,080919111127037382,1,
080919111137265149,080919111127037382,1,
080919111168377901,080919111127037382,1,
080919111179999970,080919111127037382,1,
080919111121977426,080919111127037382,1,
080919111104888768,080919111127037382,1,
080919111140052688,080919111127037382,1,
080919111111540096,080919111127037382,1,
080919111158655127,080919111127037382,1,
080919111133022495,080919111127037382,1,
080919111168520727,080919111127037382,1,
080919111105566071,080919111127037382,1,
080919111167424576,080919111127037382,1,
080919111186376802,080919111127037382,1,
080919111183359803,080919111127037382,1,
080919111184048560,080919111127037382,1,
080919111189456359,080919111127037382,1,
080919111113721776,080919111127037382,1,
080919111158450709,080919111127037382,1,
080919111128567366,080919111127037382,1,
080919111196030149,080919111127037382,1,
080919111177768588,080919111127037382,1,
080919111133394809,080919111127037382,1,
080919111160121933,080919111127037382,1,
080919111120566510,080919111127037382,1,
080919111109585114,080919111127037382,1,
080919111161280977,080919111127037382,1,
080919111150202167,080919111127037382,1,
080919111142235257,080919111127037382,1,
080919111171575048,080919111127037382,1,
080919111102400798,080919111127037382,1,
080919111162000430,080919111127037382,1,
080919111193228042,080919111127037382,1,
080919111134726044,080919111127037382,1,
080919111109243855,080919111127037382,1,
080919111135815616,080919111127037382,1,
080919111136034342,080919111127037382,1,
080919111130730605,080919111127037382,1,
080919111123800823,080919111127037382,1,
080919111122918381,080919111127037382,1,
080919111111854049,080919111127037382,1,
080919111121597686,080919111127037382,1,
080919111105551575,080919111127037382,1,
080919111173618227,080919111127037382,1,
080919111191878527,080919111127037382,1,
080919111157677571,080919111127037382,1,
080919111118716406,080919111127037382,1,
080919111152297929,080919111127037382,1,
080919111127487752,080919111127037382,1,
080919111191280064,080919111127037382,1,
080919111102556369,080919111127037382,1,
080919111119935031,080919111127037382,1,
080919111150870226,080919111127037382,1,
080919111184616909,080919111127037382,1,
080919111119460750,080919111127037382,1,
080919111196041257,080919111127037382,1,
080919111132439503,080919111127037382,1,
080919111178057790,080919111127037382,1,
080919111102541441,080919111127037382,1,
080919111164806361,080919111164806361,2,
080919111135363569,080919111164806361,1,
080919111124882101,080919111164806361,1,
080919111130186007,080919111164806361,1,
080919111166600728,080919111164806361,1,
080919111189033606,080919111164806361,1,
080919111193201816,080919111164806361,1,
080919111156568122,080919111164806361,1,
080919111151735320,080919111164806361,1,
080919111158559680,080919111164806361,1,
080919111128595409,080919111164806361,1,
080919111102196580,080919111164806361,1,
080919111183399643,080919111164806361,1,
080919111182401284,080919111164806361,1,
080919111160065655,080919111164806361,1,
080919111159040755,080919111164806361,1,
080919111113764350,080919111164806361,1,
080919111142780091,080919111164806361,1,
080919111180080027,080919111164806361,1,
080919111159611411,080919111164806361,1,
080919111182349146,080919111164806361,1,
080919111161976677,080919111164806361,1,
080919111121761310,080919111164806361,1,
080919111153109343,080919111164806361,1,
080919111152216684,080919111164806361,1,
080919111120179725,080919111164806361,1,
080919111143478297,080919111164806361,1,
080919111102985123,080919111164806361,1,
080919111184864558,080919111164806361,1,
080919111150760009,080919111164806361,1,
080919111198422242,080919111164806361,1,
080919111169159327,080919111164806361,1,
080919111120403424,080919111164806361,1,
080919111124049194,080919111164806361,1,
080919111137192140,080919111164806361,1,
080919111184211739,080919111164806361,1,
080919111121204983,080919111164806361,1,
080919111182106683,080919111164806361,1,
080919111103679565,080919111164806361,1,
080919111100341822,080919111164806361,1,
080919111130568902,080919111164806361,1,
080919111176522441,080919111164806361,1,
080919111167354181,080919111164806361,1,
080919111108830570,080919111164806361,1,
080919111107664873,080919111164806361,1,
080919111158406851,080919111164806361,1,
080919111171436582,080919111164806361,1,
080919111110987258,080919111164806361,1,
080919111104813451,080919111164806361,1,
080919111199140888,080919111164806361,1,
080919111175297441,080919111164806361,1,
080919111106975859,080919111164806361,1,
080919111173395240,080919111164806361,1,
080919111122813825,080919111164806361,1,
080919111121136543,080919111164806361,1,
080919111110102759,080919111164806361,1,
080919111165580104,080919111164806361,1,
080919111106816647,080919111164806361,1,
080919111172233362,080919111164806361,1,
080919111101858810,080919111164806361,1,
080919111133690617,080919111164806361,1,
080919111185540828,080919111164806361,1,
080919111189890663,080919111164806361,1,
080919111122326536,080919111164806361,1,
080919111146903364,080919111164806361,1,
080919111139073142,080919111164806361,1,
080919111193305048,080919111164806361,1,
080919111135893783,080919111164806361,1,
080919111138701017,080919111164806361,1,
080919111181818182,080919111164806361,1,
080919111175040173,080919111164806361,1,
080919111170672034,080919111164806361,1,
080919111169384361,080919111164806361,1,
080919111101043524,080919111164806361,1,
080919111178016731,080919111164806361,1,
080919111100032973,080919111164806361,1,
080919111181942871,080919111164806361,1,
080919111141960931,080919111164806361,1,
080919111132801496,080919111164806361,1,
080919111186373273,080919111164806361,1,
080919111156865320,080919111164806361,1,
080919111143959097,080919111143959097,2,
080919111111407832,080919111143959097,1,
080919111160786510,080919111143959097,1,
080919111116344303,080919111143959097,1,
080919111179109486,080919111143959097,1,
080919111174404544,080919111143959097,1,
080919111183652577,080919111143959097,1,
080919111121868583,080919111143959097,1,
080919111189012982,080919111143959097,1,
080919111154992396,080919111143959097,1,
080919111116270939,080919111143959097,1,
080919111143429644,080919111143959097,1,
080919111126778069,080919111143959097,1,
080919111121271961,080919111143959097,1,
080919111192940268,080919111143959097,1,
080919111124407261,080919111143959097,1,
080919111141566512,080919111143959097,1,
080919111129512723,080919111143959097,1,
080919111192834250,080919111143959097,1,
080919111106202018,080919111143959097,1,
080919111196888914,080919111143959097,1,
080919111108325658,080919111143959097,1,
080919111147351579,080919111143959097,1,
080919111150014688,080919111143959097,1,
080919111142823920,080919111143959097,1,
080919111130781248,080919111143959097,1,
080919111129682798,080919111143959097,1,
080919111127123846,080919111143959097,1,
080919111130862334,080919111143959097,1,
080919111156189178,080919111143959097,1,
080919111160117611,080919111143959097,1,
080919111150820167,080919111143959097,1,
080919111113115628,080919111143959097,1,
080919111118620091,080919111143959097,1,
080919111120047794,080919111143959097,1,
080919111110396242,080919111143959097,1,
080919111142943569,080919111143959097,1,
080919111188785513,080919111143959097,1,
080919111163561719,080919111143959097,1,
080919111157040848,080919111143959097,1,
080919111178666649,080919111143959097,1,
080919111196563397,080919111143959097,1,
080919111128159460,080919111143959097,1,
080919111115152558,080919111143959097,1,
080919111164454633,080919111143959097,1,
080919111126445026,080919111143959097,1,
080919111179904213,080919111143959097,1,
080919111154914946,080919111143959097,1,
080919111160597315,080919111143959097,1,
080919111107722466,080919111143959097,1,
080919111155323040,080919111143959097,1,
080919111146615987,080919111143959097,1,
080919111128406159,080919111143959097,1,
080919111192693010,080919111143959097,1,
080919111120489426,080919111143959097,1,
080919111102746973,080919111143959097,1,
080919111199241849,080919111143959097,1,
080919111153449633,080919111143959097,1,
080919111134781946,080919111143959097,1,
080919111115307680,080919111143959097,1,
080919111126222169,080919111143959097,1,
080919111121360717,080919111143959097,1,
080919111149310372,080919111143959097,1,
080919111125779871,080919111143959097,1,
080919111180820673,080919111143959097,1,
080919111177837138,080919111143959097,1,
080919111197755290,080919111143959097,1,
080919111175251050,080919111143959097,1,
080919111122246975,080919111143959097,1,
080919111143969359,080919111143959097,1,
080919111149917383,080919111143959097,1,
080919111135124972,080919111143959097,1,
080919111184668729,080919111143959097,1,
080919111190228175,080919111143959097,1,
080919111156477325,080919111143959097,1,
080919111138788220,080919111143959097,1,
080919111118588610,080919111143959097,1,
080919111171723150,080919111143959097,1,
080919111161425780,080919111143959097,1,
080919111155214689,080919111143959097,1,
080919111194086421,080919111143959097,1,
080919111137845987,080919111137845987,2,
080919111135261353,080919111137845987,1,
080919111127012633,080919111137845987,1,
080919111146472716,080919111137845987,1,
080919111148874331,080919111137845987,1,
080919111119065697,080919111137845987,1,
080919111116372045,080919111137845987,1,
080919111143027180,080919111137845987,1,
080919111138011895,080919111137845987,1,
080919111166238506,080919111137845987,1,
080919111174485390,080919111137845987,1,
080919111138131307,080919111137845987,1,
080919111167545234,080919111137845987,1,
080919111135150456,080919111137845987,1,
080919111142631462,080919111137845987,1,
080919111173084940,080919111137845987,1,
080919111197857032,080919111137845987,1,
080919111170822119,080919111137845987,1,
080919111192119725,080919111137845987,1,
080919111108986794,080919111137845987,1,
080919111179147064,080919111137845987,1,
080919111131823369,080919111137845987,1,
080919111165202073,080919111137845987,1,
080919111186218122,080919111137845987,1,
080919111156796812,080919111137845987,1,
080919111181254591,080919111137845987,1,
080919111123318970,080919111137845987,1,
080919111178161029,080919111137845987,1,
080919111198904051,080919111137845987,1,
080919111151395570,080919111137845987,1,
080919111107628100,080919111137845987,1,
080919111125824059,080919111137845987,1,
080919111137962475,080919111137845987,1,
080919111111657988,080919111137845987,1,
080919111179422347,080919111137845987,1,
080919111180897706,080919111137845987,1,
080919111145059538,080919111137845987,1,
080919111115190390,080919111137845987,1,
080919111181912075,080919111137845987,1,
080919111103242844,080919111137845987,1,
080919111164575025,080919111137845987,1,
080919111103234490,080919111137845987,1,
080919111184566079,080919111137845987,1,
080919111147488967,080919111137845987,1,
080919111154723629,080919111137845987,1,
080919111138259952,080919111137845987,1,
080919111120496812,080919111137845987,1,
080919111162605730,080919111137845987,1,
080919111168970905,080919111137845987,1,
080919111169437550,080919111137845987,1,
080919111170961378,080919111137845987,1,
080919111191185845,080919111137845987,1,
080919111157328645,080919111137845987,1,
080919111140086778,080919111137845987,1,
080919111166393942,080919111137845987,1,
080919111105117047,080919111137845987,1,
080919111163368426,080919111137845987,1,
080919111122488291,080919111137845987,1,
080919111169940587,080919111137845987,1,
080919111145102841,080919111137845987,1,
080919111166089929,080919111137845987,1,
080919111166723782,080919111137845987,1,
080919111111935588,080919111137845987,1,
080919111173219000,080919111137845987,1,
080919111180982721,080919111137845987,1,
080919111104491935,080919111137845987,1,
080919111173736829,080919111137845987,1,
080919111131760109,080919111137845987,1,
080919111104136594,080919111137845987,1,
080919111117682405,080919111137845987,1,
080919111108444973,080919111137845987,1,
080919111170925831,080919111137845987,1,
080919111152044023,080919111137845987,1,
080919111148797896,080919111137845987,1,
080919111156550525,080919111137845987,1,
080919111172193951,080919111137845987,1,
080919111103804972,080919111137845987,1,
080919111136906971,080919111137845987,1,
080919111169254239,080919111137845987,1,
080919111158675852,080919111137845987,1,
080919111101997744,080919111137845987,1,
080919111155500214,080919111155500214,2,
080919111109726899,080919111155500214,1,
080919111190732409,080919111155500214,1,
080919111196403195,080919111155500214,1,
080919111146898490,080919111155500214,1,
080919111118377888,080919111155500214,1,
080919111129674395,080919111155500214,1,
080919111131733917,080919111155500214,1,
080919111160161303,080919111155500214,1,
080919111156486972,080919111155500214,1,
080919111128681086,080919111155500214,1,
080919111196167676,080919111155500214,1,
080919111178699317,080919111155500214,1,
080919111186145944,080919111155500214,1,
080919111127063374,080919111155500214,1,
080919111103905954,080919111155500214,1,
080919111103783306,080919111155500214,1,
080919111148943278,080919111155500214,1,
080919111188081934,080919111155500214,1,
080919111124227537,080919111155500214,1,
080919111136623844,080919111155500214,1,
080919111186980758,080919111155500214,1,
080919111153156330,080919111155500214,1,
080919111111515098,080919111155500214,1,
080919111198699624,080919111155500214,1,
080919111179548949,080919111155500214,1,
080919111193466257,080919111155500214,1,
080919111114988002,080919111155500214,1,
080919111152002212,080919111155500214,1,
080919111160916523,080919111155500214,1,
080919111160293487,080919111155500214,1,
080919111195816352,080919111155500214,1,
080919111158021391,080919111155500214,1,
080919111190495187,080919111155500214,1,
080919111195838485,080919111155500214,1,
080919111197580512,080919111155500214,1,
080919111168058645,080919111155500214,1,
080919111121365592,080919111155500214,1,
080919111161489956,080919111155500214,1,
080919111161201367,080919111155500214,1,
080919111124292748,080919111155500214,1,
080919111115826325,080919111155500214,1,
080919111107529653,080919111155500214,1,
080919111177258280,080919111155500214,1,
080919111187924365,080919111155500214,1,
080919111102458177,080919111155500214,1,
080919111187256160,080919111155500214,1,
080919111178821056,080919111155500214,1,
080919111119424199,080919111155500214,1,
080919111165163505,080919111155500214,1,
080919111142861072,080919111155500214,1,
080919111196202348,080919111155500214,1,
080919111151012794,080919111155500214,1,
080919111125420391,080919111155500214,1,
080919111143745152,080919111155500214,1,
080919111111990832,080919111155500214,1,
080919111155959765,080919111155500214,1,
080919111164429230,080919111155500214,1,
080919111131078085,080919111155500214,1,
080919111186976100,080919111155500214,1,
080919111173556876,080919111155500214,1,
080919111112671686,080919111155500214,1,
080919111179160335,080919111155500214,1,
080919111131739937,080919111155500214,1,
080919111166091890,080919111155500214,1,
080919111143157443,080919111155500214,1,
080919111117381895,080919111155500214,1,
080919111149571807,080919111155500214,1,
080919111186676112,080919111155500214,1,
080919111196255174,080919111155500214,1,
080919111108833939,080919111155500214,1,
080919111152672593,080919111155500214,1,
080919111184871596,080919111155500214,1,
080919111125268555,080919111155500214,1,
080919111193914543,080919111155500214,1,
080919111120232761,080919111155500214,1,
080919111111797735,080919111155500214,1,
080919111190575279,080919111155500214,1,
080919111144906289,080919111155500214,1,
080919111195641015,080919111155500214,1,
080919111120623305,080919111155500214,1,
080919111133376790,080919111133376790,2,
080919111112199643,080919111133376790,1,
080919111138299117,080919111133376790,1,
080919111172950978,080919111133376790,1,
080919111126852912,080919111133376790,1,
080919111138773397,080919111133376790,1,
080919111183268542,080919111133376790,1,
080919111119768239,080919111133376790,1,
080919111109313399,080919111133376790,1,
080919111185148226,080919111133376790,1,
080919111109956175,080919111133376790,1,
080919111101558953,080919111133376790,1,
080919111126249726,080919111133376790,1,
080919111194585705,080919111133376790,1,
080919111148656399,080919111133376790,1,
080919111181419612,080919111133376790,1,
080919111156711566,080919111133376790,1,
080919111136384527,080919111133376790,1,
080919111163566069,080919111133376790,1,
080919111111743092,080919111133376790,1,
080919111123140724,080919111133376790,1,
080919111142645445,080919111133376790,1,
080919111104957788,080919111133376790,1,
080919111150819876,080919111133376790,1,
080919111197604653,080919111133376790,1,
080919111196758946,080919111133376790,1,
080919111123129121,080919111133376790,1,
080919111143928528,080919111133376790,1,
080919111139685137,080919111133376790,1,
080919111127195711,080919111133376790,1,
080919111182574951,080919111133376790,1,
080919111149370933,080919111133376790,1,
080919111173493862,080919111133376790,1,
080919111188875526,080919111133376790,1,
080919111123270763,080919111133376790,1,
080919111110246574,080919111133376790,1,
080919111188108490,080919111133376790,1,
080919111131369064,080919111133376790,1,
080919111116549121,080919111133376790,1,
080919111199025216,080919111133376790,1,
080919111107210426,080919111133376790,1,
080919111136756790,080919111133376790,1,
080919111183841918,080919111133376790,1,
080919111146918452,080919111133376790,1,
080919111191801624,080919111133376790,1,
080919111125458408,080919111133376790,1,
080919111107485710,080919111133376790,1,
080919111113395957,080919111133376790,1,
080919111112380667,080919111133376790,1,
080919111160744661,080919111133376790,1,
080919111138443199,080919111133376790,1,
080919111152358405,080919111133376790,1,
080919111101937141,080919111133376790,1,
080919111103815264,080919111133376790,1,
080919111108225850,080919111133376790,1,
080919111134395479,080919111133376790,1,
080919111120943618,080919111133376790,1,
080919111105041671,080919111133376790,1,
080919111189010448,080919111133376790,1,
080919111180607734,080919111133376790,1,
080919111130708074,080919111133376790,1,
080919111107742665,080919111133376790,1,
080919111122390765,080919111133376790,1,
080919111173476884,080919111133376790,1,
080919111164403892,080919111133376790,1,
080919111161000932,080919111133376790,1,
080919111178164277,080919111133376790,1,
080919111154080583,080919111133376790,1,
080919111192447756,080919111133376790,1,
080919111149293044,080919111133376790,1,
080919111190814677,080919111133376790,1,
080919111175730525,080919111133376790,1,
080919111166001420,080919111133376790,1,
080919111193723677,080919111133376790,1,
080919111129738629,080919111133376790,1,
080919111187817374,080919111133376790,1,
080919111127376499,080919111133376790,1,
080919111163789514,080919111133376790,1,
080919111137118908,080919111133376790,1,
080919111141610614,080919111133376790,1,
080919111138851536,080919111133376790,1,
080919111101642238,080919111101642238,2,
080919111164334007,080919111101642238,1,
080919111109321120,080919111101642238,1,
080919111140728435,080919111101642238,1,
080919111160523405,080919111101642238,1,
080919111163406780,080919111101642238,1,
080919111113239484,080919111101642238,1,
080919111114285651,080919111101642238,1,
080919111110891719,080919111101642238,1,
080919111105904642,080919111101642238,1,
080919111134735272,080919111101642238,1,
080919111182725888,080919111101642238,1,
080919111193748942,080919111101642238,1,
080919111122020347,080919111101642238,1,
080919111115929258,080919111101642238,1,
080919111116426799,080919111101642238,1,
080919111161682660,080919111101642238,1,
080919111186952668,080919111101642238,1,
080919111105282025,080919111101642238,1,
080919111166789079,080919111101642238,1,
080919111164685447,080919111101642238,1,
080919111136092091,080919111101642238,1,
080919111168903257,080919111101642238,1,
080919111176795292,080919111101642238,1,
080919111166247086,080919111101642238,1,
080919111127629307,080919111101642238,1,
080919111144273519,080919111101642238,1,
080919111115844132,080919111101642238,1,
080919111107559052,080919111101642238,1,
080919111118844063,080919111101642238,1,
080919111185493604,080919111101642238,1,
080919111116326372,080919111101642238,1,
080919111149909118,080919111101642238,1,
080919111142138972,080919111101642238,1,
080919111163842278,080919111101642238,1,
080919111141422598,080919111101642238,1,
080919111133680079,080919111101642238,1,
080919111180680598,080919111101642238,1,
080919111119622823,080919111101642238,1,
080919111150431362,080919111101642238,1,
080919111131080389,080919111101642238,1,
080919111184792705,080919111101642238,1,
080919111195221223,080919111101642238,1,
080919111106744460,080919111101642238,1,
080919111195201632,080919111101642238,1,
080919111184752996,080919111101642238,1,
080919111162921944,080919111101642238,1,
080919111120442575,080919111101642238,1,
080919111156613702,080919111101642238,1,
080919111154753928,080919111101642238,1,
080919111162922889,080919111101642238,1,
080919111193935171,080919111101642238,1,
080919111196526272,080919111101642238,1,
080919111134273382,080919111101642238,1,
080919111167515301,080919111101642238,1,
080919111157492042,080919111101642238,1,
080919111136110718,080919111101642238,1,
080919111176413854,080919111101642238,1,
080919111107089286,080919111101642238,1,
080919111154315752,080919111101642238,1,
080919111158886903,080919111101642238,1,
080919111141574007,080919111101642238,1,
080919111136624107,080919111101642238,1,
080919111156794186,080919111101642238,1,
080919111193714421,080919111101642238,1,
080919111191925615,080919111101642238,1,
080919111123712748,080919111101642238,1,
080919111103119628,080919111101642238,1,
080919111113205056,080919111101642238,1,
080919111168868363,080919111101642238,1,
080919111111562683,080919111101642238,1,
080919111167670031,080919111101642238,1,
080919111169638272,080919111101642238,1,
080919111113592644,080919111101642238,1,
080919111152355597,080919111101642238,1,
080919111171667019,080919111101642238,1,
080919111194203754,080919111101642238,1,
080919111108388304,080919111101642238,1,
080919111116472163,080919111101642238,1,
080919111195362118,080919111101642238,1,
080919111168203276,080919111101642238,1,
080919111174547154,080919111174547154,2,
080919111136021966,080919111174547154,1,
080919111181084140,080919111174547154,1,
080919111124815310,080919111174547154,1,
080919111183357541,080919111174547154,1,
080919111162685869,080919111174547154,1,
080919111180193659,080919111174547154,1,
080919111122542853,080919111174547154,1,
080919111196110277,080919111174547154,1,
080919111177242266,080919111174547154,1,
080919111155780231,080919111174547154,1,
080919111115563176,080919111174547154,1,
080919111145107908,080919111174547154,1,
080919111193304922,080919111174547154,1,
080919111157166768,080919111174547154,1,
080919111163078156,080919111174547154,1,
080919111192616226,080919111174547154,1,
080919111190040631,080919111174547154,1,
080919111126719626,080919111174547154,1,
080919111109378365,080919111174547154,1,
080919111198949916,080919111174547154,1,
080919111120861857,080919111174547154,1,
080919111126722687,080919111174547154,1,
080919111104733578,080919111174547154,1,
080919111104286542,080919111174547154,1,
080919111135848283,080919111174547154,1,
080919111107584437,080919111174547154,1,
080919111119664289,080919111174547154,1,
080919111173928798,080919111174547154,1,
080919111176380695,080919111174547154,1,
080919111121295738,080919111174547154,1,
080919111187140162,080919111174547154,1,
080919111155244149,080919111174547154,1,
080919111105678555,080919111174547154,1,
080919111120226076,080919111174547154,1,
080919111168663981,080919111174547154,1,
080919111103445578,080919111174547154,1,
080919111184103658,080919111174547154,1,
080919111175787134,080919111174547154,1,
080919111115311320,080919111174547154,1,
080919111168801569,080919111174547154,1,
080919111144954669,080919111174547154,1,
080919111117068697,080919111174547154,1,
080919111188697873,080919111174547154,1,
080919111191733786,080919111174547154,1,
080919111166431160,080919111174547154,1,
080919111109540218,080919111174547154,1,
080919111120790204,080919111174547154,1,
080919111154310814,080919111174547154,1,
080919111173916837,080919111174547154,1,
080919111191313491,080919111174547154,1,
080919111192899187,080919111174547154,1,
080919111199934436,080919111174547154,1,
080919111145509453,080919111174547154,1,
080919111136878101,080919111174547154,1,
080919111155387207,080919111174547154,1,
080919111156984227,080919111174547154,1,
080919111115789402,080919111174547154,1,
080919111195313821,080919111174547154,1,
080919111131562047,080919111174547154,1,
080919111109551951,080919111174547154,1,
080919111143747549,080919111174547154,1,
080919111109011126,080919111174547154,1,
080919111102526461,080919111174547154,1,
080919111198934111,080919111174547154,1,
080919111192774577,080919111174547154,1,
080919111120271880,080919111174547154,1,
080919111119858964,080919111174547154,1,
080919111175526582,080919111174547154,1,
080919111102179961,080919111174547154,1,
080919111110284597,080919111174547154,1,
080919111114649210,080919111174547154,1,
080919111191505728,080919111174547154,1,
080919111137124594,080919111174547154,1,
080919111131339910,080919111174547154,1,
080919111168270982,080919111174547154,1,
080919111108272422,080919111174547154,1,
080919111136018831,080919111174547154,1,
080919111112818545,080919111174547154,1,
080919111103850764,080919111174547154,1,
080919111177917260,080919111174547154,1,
080919111152141566,080919111152141566,2,
080919111128910234,080919111152141566,1,
080919111100869332,080919111152141566,1,
080919111141011825,080919111152141566,1,
080919111167704372,080919111152141566,1,
080919111118926492,080919111152141566,1,
080919111102389258,080919111152141566,1,
080919111160584960,080919111152141566,1,
080919111101178934,080919111152141566,1,
080919111134146084,080919111152141566,1,
080919111169829317,080919111152141566,1,
080919111197096081,080919111152141566,1,
080919111126552826,080919111152141566,1,
080919111148841572,080919111152141566,1,
080919111133460193,080919111152141566,1,
080919111192538051,080919111152141566,1,
080919111184228912,080919111152141566,1,
080919111182230562,080919111152141566,1,
080919111166502270,080919111152141566,1,
080919111108410354,080919111152141566,1,
080919111137594696,080919111152141566,1,
080919111128894817,080919111152141566,1,
080919111129426422,080919111152141566,1,
080919111175102854,080919111152141566,1,
080919111126732732,080919111152141566,1,
080919111105614012,080919111152141566,1,
080919111144211323,080919111152141566,1,
080919111176704946,080919111152141566,1,
080919111113042814,080919111152141566,1,
080919111187099839,080919111152141566,1,
080919111183478657,080919111152141566,1,
080919111142518594,080919111152141566,1,
080919111158924617,080919111152141566,1,
080919111115421855,080919111152141566,1,
080919111116287899,080919111152141566,1,
080919111145902170,080919111152141566,1,
080919111194448713,080919111152141566,1,
080919111140988751,080919111152141566,1,
080919111166849722,080919111152141566,1,
080919111135188481,080919111152141566,1,
080919111193916888,080919111152141566,1,
080919111135863114,080919111152141566,1,
080919111103634910,080919111152141566,1,
080919111146426089,080919111152141566,1,
080919111106716516,080919111152141566,1,
080919111149574706,080919111152141566,1,
080919111171863248,080919111152141566,1,
080919111148135768,080919111152141566,1,
080919111173130670,080919111152141566,1,
080919111106282112,080919111152141566,1,
080919111130704099,080919111152141566,1,
080919111182408194,080919111152141566,1,
080919111168467644,080919111152141566,1,
080919111186298005,080919111152141566,1,
080919111131650157,080919111152141566,1,
080919111121602759,080919111152141566,1,
080919111122809393,080919111152141566,1,
080919111132892170,080919111152141566,1,
080919111137790287,080919111152141566,1,
080919111106140428,080919111152141566,1,
080919111105534210,080919111152141566,1,
080919111114274092,080919111152141566,1,
080919111188534863,080919111152141566,1,
080919111188111785,080919111152141566,1,
080919111150055081,080919111152141566,1,
080919111164824433,080919111152141566,1,
080919111138054889,080919111152141566,1,
080919111110896304,080919111152141566,1,
080919111139540478,080919111152141566,1,
080919111135834888,080919111152141566,1,
080919111136748618,080919111152141566,1,
080919111152785879,080919111152141566,1,
080919111102201165,080919111152141566,1,
080919111107592112,080919111152141566,1,
080919111144898026,080919111152141566,1,
080919111156868954,080919111152141566,1,
080919111192528628,080919111152141566,1,
080919111191200807,080919111152141566,1,
080919111115503615,080919111152141566,1,
080919111154636343,080919111152141566,1,
080919111189580750,080919111152141566,1,
080919111181137629,080919111181137629,2,
080919111100355140,080919111181137629,1,
080919111138388701,080919111181137629,1,
080919111116798114,080919111181137629,1,
080919111106605171,080919111181137629,1,
080919111159233295,080919111181137629,1,
080919111128206621,080919111181137629,1,
080919111134323286,080919111181137629,1,
080919111129073117,080919111181137629,1,
080919111136738454,080919111181137629,1,
080919111187589787,080919111181137629,1,
080919111194575049,080919111181137629,1,
080919111192452122,080919111181137629,1,
080919111181059592,080919111181137629,1,
080919111176619744,080919111181137629,1,
080919111169734877,080919111181137629,1,
080919111165231889,080919111181137629,1,
080919111156388181,080919111181137629,1,
080919111136784305,080919111181137629,1,
080919111180191654,080919111181137629,1,
080919111180792983,080919111181137629,1,
080919111112105817,080919111181137629,1,
080919111130185125,080919111181137629,1,
080919111117055855,080919111181137629,1,
080919111110225087,080919111181137629,1,
080919111192519464,080919111181137629,1,
080919111118204797,080919111181137629,1,
080919111194688163,080919111181137629,1,
080919111115839866,080919111181137629,1,
080919111176892504,080919111181137629,1,
080919111123140996,080919111181137629,1,
080919111191498352,080919111181137629,1,
080919111117096914,080919111181137629,1,
080919111186354614,080919111181137629,1,
080919111135182296,080919111181137629,1,
080919111160568907,080919111181137629,1,
080919111188005104,080919111181137629,1,
080919111184364665,080919111181137629,1,
080919111187613371,080919111181137629,1,
080919111142297682,080919111181137629,1,
080919111178157911,080919111181137629,1,
080919111141123054,080919111181137629,1,
080919111120822004,080919111181137629,1,
080919111100964180,080919111181137629,1,
080919111131533029,080919111181137629,1,
080919111180922543,080919111181137629,1,
080919111125019780,080919111181137629,1,
080919111184762186,080919111181137629,1,
080919111127632113,080919111181137629,1,
080919111190151817,080919111181137629,1,
080919111124575374,080919111181137629,1,
080919111147190154,080919111181137629,1,
080919111198644855,080919111181137629,1,
080919111195910549,080919111181137629,1,
080919111179699358,080919111181137629,1,
080919111139247877,080919111181137629,1,
080919111195861820,080919111181137629,1,
080919111155679225,080919111181137629,1,
080919111132553418,080919111181137629,1,
080919111103306011,080919111181137629,1,
080919111180462702,080919111181137629,1,
080919111133540717,080919111181137629,1,
080919111153546317,080919111181137629,1,
080919111119755278,080919111181137629,1,
080919111105958276,080919111181137629,1,
080919111179801690,080919111181137629,1,
080919111194970649,080919111181137629,1,
080919111120796113,080919111181137629,1,
080919111120319015,080919111181137629,1,
080919111125943559,080919111181137629,1,
080919111107013088,080919111181137629,1,
080919111177718411,080919111181137629,1,
080919111189245693,080919111181137629,1,
080919111153068066,080919111181137629,1,
080919111124178109,080919111181137629,1,
080919111112802754,080919111181137629,1,
080919111132627895,080919111181137629,1,
080919111105444017,080919111181137629,1,
080919111135422685,080919111181137629,1,
080919111106358718,080919111181137629,1,
080919111140945304,080919111181137629,1,
080919111131382965,080919111131382965,2,
080919111164379110,080919111131382965,1,
080919111100557076,080919111131382965,1,
080919111166409695,080919111131382965,1,
080919111184274594,080919111131382965,1,
080919111160096459,080919111131382965,1,
080919111157898302,080919111131382965,1,
080919111131390431,080919111131382965,1,
080919111125298498,080919111131382965,1,
080919111116795096,080919111131382965,1,
080919111128463391,080919111131382965,1,
080919111116008517,080919111131382965,1,
080919111106645342,080919111131382965,1,
080919111144957605,080919111131382965,1,
080919111144560516,080919111131382965,1,
080919111154613306,080919111131382965,1,
080919111168706909,080919111131382965,1,
080919111114761979,080919111131382965,1,
080919111197472742,080919111131382965,1,
080919111115626784,080919111131382965,1,
080919111172981764,080919111131382965,1,
080919111179427563,080919111131382965,1,
080919111109588652,080919111131382965,1,
080919111141226243,080919111131382965,1,
080919111171350401,080919111131382965,1,
080919111189417171,080919111131382965,1,
080919111130198731,080919111131382965,1,
080919111194605648,080919111131382965,1,
080919111126223803,080919111131382965,1,
080919111197839367,080919111131382965,1,
080919111144382762,080919111131382965,1,
080919111125152473,080919111131382965,1,
080919111189062425,080919111131382965,1,
080919111154066924,080919111131382965,1,
080919111170552311,080919111131382965,1,
080919111186168302,080919111131382965,1,
080919111180985961,080919111131382965,1,
080919111122306428,080919111131382965,1,
080919111192997260,080919111131382965,1,
080919111129833019,080919111131382965,1,
080919111102264094,080919111131382965,1,
080919111142031442,080919111131382965,1,
080919111149987984,080919111131382965,1,
080919111194537198,080919111131382965,1,
080919111186299490,080919111131382965,1,
080919111186260860,080919111131382965,1,
080919111185724277,080919111131382965,1,
080919111164471404,080919111131382965,1,
080919111173160631,080919111131382965,1,
080919111195464167,080919111131382965,1,
080919111160606793,080919111131382965,1,
080919111160936430,080919111131382965,1,
080919111126377393,080919111131382965,1,
080919111111734916,080919111131382965,1,
080919111146916126,080919111131382965,1,
080919111164210750,080919111131382965,1,
080919111106001268,080919111131382965,1,
080919111106669001,080919111131382965,1,
080919111165832040,080919111131382965,1,
080919111117696258,080919111131382965,1,
080919111154541012,080919111131382965,1,
080919111111140006,080919111131382965,1,
080919111188775139,080919111131382965,1,
080919111161462409,080919111131382965,1,
080919111132190318,080919111131382965,1,
080919111117766506,080919111131382965,1,
080919111157816078,080919111131382965,1,
080919111167839987,080919111131382965,1,
080919111192145851,080919111131382965,1,
080919111136610255,080919111131382965,1,
080919111132544430,080919111131382965,1,
080919111178369565,080919111131382965,1,
080919111185789013,080919111131382965,1,
080919111140180866,080919111131382965,1,
080919111177951009,080919111131382965,1,
080919111143970738,080919111131382965,1,
080919111162391860,080919111131382965,1,
080919111180577994,080919111131382965,1,
080919111132435350,080919111131382965,1,
080919111126133379,080919111131382965,1,
080919111185072776,080919111131382965,1,
080919111128062222,080919111128062222,2,
080919111140289166,080919111128062222,1,
080919111177059944,080919111128062222,1,
080919111197211344,080919111128062222,1,
080919111106044246,080919111128062222,1,
080919111180782102,080919111128062222,1,
080919111149108145,080919111128062222,1,
080919111147390449,080919111128062222,1,
080919111174714818,080919111128062222,1,
080919111196034862,080919111128062222,1,
080919111182580737,080919111128062222,1,
080919111199328644,080919111128062222,1,
080919111195453523,080919111128062222,1,
080919111139616929,080919111128062222,1,
080919111159585204,080919111128062222,1,
080919111103786624,080919111128062222,1,
080919111120450056,080919111128062222,1,
080919111149727158,080919111128062222,1,
080919111100594430,080919111128062222,1,
080919111110764063,080919111128062222,1,
080919111101927069,080919111128062222,1,
080919111180549033,080919111128062222,1,
080919111188708899,080919111128062222,1,
080919111174752455,080919111128062222,1,
080919111199332057,080919111128062222,1,
080919111112372448,080919111128062222,1,
080919111144316255,080919111128062222,1,
080919111154841653,080919111128062222,1,
080919111146887995,080919111128062222,1,
080919111186505856,080919111128062222,1,
080919111149708112,080919111128062222,1,
080919111104332143,080919111128062222,1,
080919111113752166,080919111128062222,1,
080919111146320953,080919111128062222,1,
080919111146266335,080919111128062222,1,
080919111163603718,080919111128062222,1,
080919111151257434,080919111128062222,1,
080919111141916412,080919111128062222,1,
080919111185099407,080919111128062222,1,
080919111195947031,080919111128062222,1,
080919111104853593,080919111128062222,1,
080919111134785916,080919111128062222,1,
080919111118477193,080919111128062222,1,
080919111149652698,080919111128062222,1,
080919111131660918,080919111128062222,1,
080919111186005131,080919111128062222,1,
080919111108792086,080919111128062222,1,
080919111179810353,080919111128062222,1,
080919111195957473,080919111128062222,1,
080919111138088651,080919111128062222,1,
080919111194163850,080919111128062222,1,
080919111135820698,080919111128062222,1,
080919111137137641,080919111128062222,1,
080919111144903148,080919111128062222,1,
080919111140040080,080919111128062222,1,
080919111170174209,080919111128062222,1,
080919111109388226,080919111128062222,1,
080919111162242298,080919111128062222,1,
080919111106755540,080919111128062222,1,
080919111153740869,080919111128062222,1,
080919111162991764,080919111128062222,1,
080919111147124775,080919111128062222,1,
080919111124366823,080919111128062222,1,
080919111129140033,080919111128062222,1,
080919111168256067,080919111128062222,1,
080919111138809162,080919111128062222,1,
080919111166386694,080919111128062222,1,
080919111136444504,080919111128062222,1,
080919111159464509,080919111128062222,1,
080919111108699143,080919111128062222,1,
080919111172883637,080919111128062222,1,
080919111149142057,080919111128062222,1,
080919111195915146,080919111128062222,1,
080919111198883484,080919111128062222,1,
080919111106268416,080919111128062222,1,
080919111197235065,080919111128062222,1,
080919111139870361,080919111128062222,1,
080919111159842667,080919111128062222,1,
080919111118712625,080919111128062222,1,
080919111152202394,080919111128062222,1,
080919111122568767,080919111128062222,1,
080919111144796476,080919111144796476,2,
080919111150724048,080919111144796476,1,
080919111167445646,080919111144796476,1,
080919111125340290,080919111144796476,1,
080919111114905587,080919111144796476,1,
080919111173396249,080919111144796476,1,
080919111182943386,080919111144796476,1,
080919111171436253,080919111144796476,1,
080919111110670472,080919111144796476,1,
080919111129097802,080919111144796476,1,
080919111169107497,080919111144796476,1,
080919111140107510,080919111144796476,1,
080919111113180916,080919111144796476,1,
080919111160938402,080919111144796476,1,
080919111160307345,080919111144796476,1,
080919111175763745,080919111144796476,1,
080919111147747794,080919111144796476,1,
080919111157399911,080919111144796476,1,
080919111126733713,080919111144796476,1,
080919111127684533,080919111144796476,1,
080919111171720288,080919111144796476,1,
080919111121670725,080919111144796476,1,
080919111109696395,080919111144796476,1,
080919111147961657,080919111144796476,1,
080919111148431364,080919111144796476,1,
080919111155052618,080919111144796476,1,
080919111160466855,080919111144796476,1,
080919111188993591,080919111144796476,1,
080919111129048624,080919111144796476,1,
080919111180835242,080919111144796476,1,
080919111142243867,080919111144796476,1,
080919111119062920,080919111144796476,1,
080919111156953714,080919111144796476,1,
080919111167299204,080919111144796476,1,
080919111104418916,080919111144796476,1,
080919111164467617,080919111144796476,1,
080919111180265347,080919111144796476,1,
080919111158635276,080919111144796476,1,
080919111100271985,080919111144796476,1,
080919111104388157,080919111144796476,1,
080919111183446178,080919111144796476,1,
080919111104243932,080919111144796476,1,
080919111181012349,080919111144796476,1,
080919111170227224,080919111144796476,1,
080919111187605670,080919111144796476,1,
080919111167403958,080919111144796476,1,
080919111107012970,080919111144796476,1,
080919111134263491,080919111144796476,1,
080919111162133648,080919111144796476,1,
080919111199315016,080919111144796476,1,
080919111112480355,080919111144796476,1,
080919111147797434,080919111144796476,1,
080919111151310755,080919111144796476,1,
080919111132461791,080919111144796476,1,
080919111176798156,080919111144796476,1,
080919111141819945,080919111144796476,1,
080919111115436676,080919111144796476,1,
080919111166759777,080919111144796476,1,
080919111130045068,080919111144796476,1,
080919111198000699,080919111144796476,1,
080919111106782995,080919111144796476,1,
080919111103751637,080919111144796476,1,
080919111147633654,080919111144796476,1,
080919111159469050,080919111144796476,1,
080919111174578485,080919111144796476,1,
080919111135767247,080919111144796476,1,
080919111158830719,080919111144796476,1,
080919111165486902,080919111144796476,1,
080919111163174521,080919111144796476,1,
080919111194877180,080919111144796476,1,
080919111125057807,080919111144796476,1,
080919111189344939,080919111144796476,1,
080919111153670087,080919111144796476,1,
080919111130582930,080919111144796476,1,
080919111109376712,080919111144796476,1,
080919111161340706,080919111144796476,1,
080919111176588667,080919111144796476,1,
080919111116871371,080919111144796476,1,
080919111151185028,080919111144796476,1,
080919111164677905,080919111144796476,1,
080919111184077015,080919111144796476,1,
080919111194335088,080919111194335088,2,
080919111114676209,080919111194335088,1,
080919111128714212,080919111194335088,1,
080919111137447645,080919111194335088,1,
080919111103065534,080919111194335088,1,
080919111159149239,080919111194335088,1,
080919111106771201,080919111194335088,1,
080919111198980301,080919111194335088,1,
080919111128440613,080919111194335088,1,
080919111107083593,080919111194335088,1,
080919111160029664,080919111194335088,1,
080919111198984788,080919111194335088,1,
080919111198771080,080919111194335088,1,
080919111140470963,080919111194335088,1,
080919111159879058,080919111194335088,1,
080919111199631468,080919111194335088,1,
080919111165139248,080919111194335088,1,
080919111109709925,080919111194335088,1,
080919111127500164,080919111194335088,1,
080919111152331117,080919111194335088,1,
080919111181023952,080919111194335088,1,
080919111156282242,080919111194335088,1,
080919111125202679,080919111194335088,1,
080919111130353429,080919111194335088,1,
080919111128634806,080919111194335088,1,
080919111133188509,080919111194335088,1,
080919111113367155,080919111194335088,1,
080919111162909166,080919111194335088,1,
080919111127342663,080919111194335088,1,
080919111112797499,080919111194335088,1,
080919111145074397,080919111194335088,1,
080919111112369715,080919111194335088,1,
080919111149268828,080919111194335088,1,
080919111123220676,080919111194335088,1,
080919111161734869,080919111194335088,1,
080919111130933948,080919111194335088,1,
080919111137762245,080919111194335088,1,
080919111138157735,080919111194335088,1,
080919111133626334,080919111194335088,1,
080919111178992459,080919111194335088,1,
080919111141144517,080919111194335088,1,
080919111199569540,080919111194335088,1,
080919111193043498,080919111194335088,1,
080919111187535893,080919111194335088,1,
080919111134694210,080919111194335088,1,
080919111158766595,080919111194335088,1,
080919111111282923,080919111194335088,1,
080919111130252864,080919111194335088,1,
080919111146513017,080919111194335088,1,
080919111176137453,080919111194335088,1,
080919111141426295,080919111194335088,1,
080919111158146136,080919111194335088,1,
080919111140172602,080919111194335088,1,
080919111194965909,080919111194335088,1,
080919111122054286,080919111194335088,1,
080919111112584283,080919111194335088,1,
080919111177789649,080919111194335088,1,
080919111175348618,080919111194335088,1,
080919111117287582,080919111194335088,1,
080919111164879988,080919111194335088,1,
080919111198627722,080919111194335088,1,
080919111179767282,080919111194335088,1,
080919111178384656,080919111194335088,1,
080919111156100827,080919111194335088,1,
080919111166084625,080919111194335088,1,
080919111148322366,080919111194335088,1,
080919111155657472,080919111194335088,1,
080919111139868673,080919111194335088,1,
080919111111362923,080919111194335088,1,
080919111124504754,080919111194335088,1,
080919111101485335,080919111194335088,1,
080919111164242910,080919111194335088,1,
080919111126741299,080919111194335088,1,
080919111189403821,080919111194335088,1,
080919111187969208,080919111194335088,1,
080919111193633432,080919111194335088,1,
080919111121421318,080919111194335088,1,
080919111173500549,080919111194335088,1,
080919111135599666,080919111194335088,1,
080919111178222783,080919111194335088,1,
080919111189881753,080919111194335088,1,
080919111149904404,080919111149904404,2,
080919111115446292,080919111149904404,1,
080919111160209478,080919111149904404,1,
080919111150224219,080919111149904404,1,
080919111148096080,080919111149904404,1,
080919111181819771,080919111149904404,1,
080919111112164460,080919111149904404,1,
080919111187838359,080919111149904404,1,
080919111122056259,080919111149904404,1,
080919111182100777,080919111149904404,1,
080919111173007133,080919111149904404,1,
080919111121995869,080919111149904404,1,
080919111152285497,080919111149904404,1,
080919111172698873,080919111149904404,1,
080919111197309352,080919111149904404,1,
080919111134914300,080919111149904404,1,
080919111169972578,080919111149904404,1,
080919111111673864,080919111149904404,1,
080919111144350721,080919111149904404,1,
080919111157966479,080919111149904404,1,
080919111136319096,080919111149904404,1,
080919111141247304,080919111149904404,1,
080919111166150703,080919111149904404,1,
080919111152241939,080919111149904404,1,
080919111194896614,080919111149904404,1,
080919111123899987,080919111149904404,1,
080919111105180383,080919111149904404,1,
080919111180240373,080919111149904404,1,
080919111105702916,080919111149904404,1,
080919111100809377,080919111149904404,1,
080919111122640934,080919111149904404,1,
080919111193163377,080919111149904404,1,
080919111129238788,080919111149904404,1,
080919111142269168,080919111149904404,1,
080919111179921232,080919111149904404,1,
080919111122279604,080919111149904404,1,
080919111199575582,080919111149904404,1,
080919111191678124,080919111149904404,1,
080919111117202059,080919111149904404,1,
080919111149880938,080919111149904404,1,
080919111186123104,080919111149904404,1,
080919111109026839,080919111149904404,1,
080919111188883790,080919111149904404,1,
080919111106276763,080919111149904404,1,
080919111131151026,080919111149904404,1,
080919111137904977,080919111149904404,1,
080919111154056210,080919111149904404,1,
080919111164637853,080919111149904404,1,
080919111107881013,080919111149904404,1,
080919111128403113,080919111149904404,1,
080919111166191191,080919111149904404,1,
080919111154463893,080919111149904404,1,
080919111135673750,080919111149904404,1,
080919111132902140,080919111149904404,1,
080919111165417018,080919111149904404,1,
080919111159745456,080919111149904404,1,
080919111106737729,080919111149904404,1,
080919111120712433,080919111149904404,1,
080919111123196656,080919111149904404,1,
080919111190073217,080919111149904404,1,
080919111132452706,080919111149904404,1,
080919111146013865,080919111149904404,1,
080919111183517598,080919111149904404,1,
080919111148437859,080919111149904404,1,
080919111105911474,080919111149904404,1,
080919111139195901,080919111149904404,1,
080919111194081418,080919111149904404,1,
080919111155228056,080919111149904404,1,
080919111156613408,080919111149904404,1,
080919111163349354,080919111149904404,1,
080919111129787971,080919111149904404,1,
080919111172836484,080919111149904404,1,
080919111146737471,080919111149904404,1,
080919111187856879,080919111149904404,1,
080919111100018770,080919111149904404,1,
080919111152451635,080919111149904404,1,
080919111127586077,080919111149904404,1,
080919111144114940,080919111149904404,1,
080919111118242580,080919111149904404,1,
080919111145363374,080919111149904404,1,
080919111142338961,080919111149904404,1,
080919111111348603,080919111165418671,0,
080919111148140034,080919111165418671,0,
080919111115996127,080919111165418671,0,
080919111181087289,080919111165418671,0,
080919111124699341,080919111165418671,0,
080919111191628552,080919111165418671,0,
080919111121023148,080919111165418671,0,
080919111193244791,080919111165418671,0,
080919111134834427,080919111165418671,0,
080919111184029243,080919111165418671,0,
080919111171124607,080919111165418671,0,
