080915132165618060,080915132165618060,2,
080915132108066252,080915132165618060,1,
080915132100800067,080915132165618060,1,
080915132199634650,080915132165618060,1,
080915132140118983,080915132165618060,1,
080915132172432853,080915132165618060,1,
080915132160019712,080915132165618060,1,
080915132112612984,080915132165618060,1,
080915132175368332,080915132165618060,1,
080915132157686902,080915132165618060,1,
080915132104077282,080915132165618060,1,
080915132107932508,080915132165618060,1,
080915132100558892,080915132165618060,1,
080915132174719295,080915132174719295,2,
080915132166365149,080915132174719295,1,
080915132125977007,080915132174719295,1,
080915132188177137,080915132174719295,1,
080915132106100204,080915132174719295,1,
080915132106173187,080915132174719295,1,
080915132118815266,080915132174719295,1,
080915132170306731,080915132174719295,1,
080915132183150705,080915132174719295,1,
080915132176612862,080915132174719295,1,
080915132148967757,080915132174719295,1,
080915132118566577,080915132174719295,1,
080915132178949370,080915132174719295,1,
080915132127150086,080915132127150086,2,
080915132165503155,080915132127150086,1,
080915132163817931,080915132127150086,1,
080915132131888795,080915132127150086,1,
080915132110090205,080915132127150086,1,
080915132112935145,080915132127150086,1,
080915132186558885,080915132127150086,1,
080915132195247543,080915132127150086,1,
080915132109411101,080915132127150086,1,
080915132160321390,080915132127150086,1,
080915132120081615,080915132127150086,1,
080915132131226309,080915132127150086,1,
080915132123824370,080915132127150086,1,
080915132151093594,080915132151093594,2,
080915132125596293,080915132151093594,1,
080915132190216935,080915132151093594,1,
080915132155398684,080915132151093594,1,
080915132146400212,080915132151093594,1,
080915132154363105,080915132151093594,1,
080915132124506938,080915132151093594,1,
080915132126235619,080915132151093594,1,
080915132177664147,080915132151093594,1,
080915132168782114,080915132151093594,1,
080915132184288089,080915132151093594,1,
080915132108924938,080915132151093594,1,
080915132125064944,080915132151093594,1,
080915132108054624,080915132108054624,2,
080915132123841735,080915132108054624,1,
080915132132646246,080915132108054624,1,
080915132122980206,080915132108054624,1,
080915132117468590,080915132108054624,1,
080915132191585897,080915132108054624,1,
080915132170601195,080915132108054624,1,
080915132130533898,080915132108054624,1,
080915132175396405,080915132108054624,1,
080915132151672922,080915132108054624,1,
080915132184189382,080915132108054624,1,
080915132100174104,080915132108054624,1,
080915132114858933,080915132108054624,1,
080915132154321702,080915132154321702,2,
080915132104581578,080915132154321702,1,
080915132193022007,080915132154321702,1,
080915132106413769,080915132154321702,1,
080915132141013722,080915132154321702,1,
080915132193087450,080915132154321702,1,
080915132152468073,080915132154321702,1,
080915132182272567,080915132154321702,1,
080915132184848846,080915132154321702,1,
080915132102078400,080915132154321702,1,
080915132137872894,080915132154321702,1,
080915132115626820,080915132154321702,1,
080915132124297658,080915132154321702,1,
080915132193653502,080915132193653502,2,
080915132191364145,080915132193653502,1,
080915132154855423,080915132193653502,1,
080915132114469622,080915132193653502,1,
080915132117213112,080915132193653502,1,
080915132184216590,080915132193653502,1,
080915132133159920,080915132193653502,1,
080915132114645542,080915132193653502,1,
080915132106138932,080915132193653502,1,
080915132159816723,080915132193653502,1,
080915132132829025,080915132193653502,1,
080915132166115182,080915132193653502,1,
080915132141519627,080915132193653502,1,
080915132157356319,080915132157356319,2,
080915132183234381,080915132157356319,1,
080915132133370026,080915132157356319,1,
080915132164736971,080915132157356319,1,
080915132149226040,080915132157356319,1,
080915132158695594,080915132157356319,1,
080915132164409739,080915132157356319,1,
080915132116009468,080915132157356319,1,
080915132188626592,080915132157356319,1,
080915132199282226,080915132157356319,1,
080915132112714014,080915132157356319,1,
080915132170799862,080915132157356319,1,
080915132114836439,080915132157356319,1,
080915132156307263,080915132156307263,2,
080915132139484615,080915132156307263,1,
080915132176106758,080915132156307263,1,
080915132199156343,080915132156307263,1,
080915132181338978,080915132156307263,1,
080915132186991137,080915132156307263,1,
080915132176439708,080915132156307263,1,
080915132165868910,080915132156307263,1,
080915132147377245,080915132156307263,1,
080915132105453143,080915132156307263,1,
080915132122950618,080915132156307263,1,
080915132104261004,080915132156307263,1,
080915132184703658,080915132156307263,1,
080915132166232327,080915132166232327,2,
080915132185079041,080915132166232327,1,
080915132137636018,080915132166232327,1,
080915132154727972,080915132166232327,1,
080915132103747345,080915132166232327,1,
080915132107866681,080915132166232327,1,
080915132135273707,080915132166232327,1,
080915132118720690,080915132166232327,1,
080915132175060999,080915132166232327,1,
080915132140732993,080915132166232327,1,
080915132150271855,080915132166232327,1,
080915132109891587,080915132166232327,1,
080915132136490743,080915132166232327,1,
080915132145076771,080915132145076771,2,
080915132133123945,080915132145076771,1,
080915132198510116,080915132145076771,1,
080915132145318273,080915132145076771,1,
080915132153969688,080915132145076771,1,
080915132127117652,080915132145076771,1,
080915132136989272,080915132145076771,1,
080915132156914361,080915132145076771,1,
080915132146792318,080915132145076771,1,
080915132103424760,080915132145076771,1,
080915132164408448,080915132145076771,1,
080915132100598583,080915132145076771,1,
080915132166754437,080915132145076771,1,
080915132192465753,080915132192465753,2,
080915132146246490,080915132192465753,1,
080915132157431531,080915132192465753,1,
080915132154256637,080915132192465753,1,
080915132176310395,080915132192465753,1,
080915132131705700,080915132192465753,1,
080915132160932960,080915132192465753,1,
080915132171468573,080915132192465753,1,
080915132186469271,080915132192465753,1,
080915132182084152,080915132192465753,1,
080915132180283575,080915132192465753,1,
080915132181771958,080915132192465753,1,
080915132174902153,080915132192465753,1,
080915132140564322,080915132140564322,2,
080915132179664828,080915132140564322,1,
080915132133295338,080915132140564322,1,
080915132112330527,080915132140564322,1,
080915132166534883,080915132140564322,1,
080915132169484515,080915132140564322,1,
080915132169491406,080915132140564322,1,
080915132131723265,080915132140564322,1,
080915132103297429,080915132140564322,1,
080915132130915300,080915132140564322,1,
080915132152577826,080915132140564322,1,
080915132102492853,080915132140564322,1,
080915132112020714,080915132140564322,1,
080915132115456975,080915132115456975,2,
080915132122726392,080915132115456975,1,
080915132178706965,080915132115456975,1,
080915132144016332,080915132115456975,1,
080915132174198816,080915132115456975,1,
080915132151437588,080915132115456975,1,
080915132189966364,080915132115456975,1,
080915132151764957,080915132115456975,1,
080915132161422887,080915132115456975,1,
080915132181800078,080915132115456975,1,
080915132108362655,080915132115456975,1,
080915132194265273,080915132115456975,1,
080915132135536481,080915132115456975,1,
080915132174206437,080915132174206437,2,
080915132186195301,080915132174206437,1,
080915132126899855,080915132174206437,1,
080915132139623572,080915132174206437,1,
080915132170935648,080915132174206437,1,
080915132175735387,080915132174206437,1,
080915132187956477,080915132174206437,1,
080915132125261536,080915132174206437,1,
080915132132297096,080915132174206437,1,
080915132125282176,080915132174206437,1,
080915132120737611,080915132174206437,1,
080915132153362255,080915132174206437,1,
080915132100364444,080915132174206437,1,
080915132199137463,080915132199137463,2,
080915132115421154,080915132199137463,1,
080915132176516304,080915132199137463,1,
080915132158644496,080915132199137463,1,
080915132138669912,080915132199137463,1,
080915132104500568,080915132199137463,1,
080915132144892367,080915132199137463,1,
080915132115219708,080915132199137463,1,
080915132194980127,080915132199137463,1,
080915132130183547,080915132199137463,1,
080915132111792007,080915132199137463,1,
080915132154668952,080915132199137463,1,
080915132139379852,080915132199137463,1,
080915132173541847,080915132173541847,2,
080915132136316910,080915132173541847,1,
080915132126992732,080915132173541847,1,
080915132103227781,080915132173541847,1,
080915132165164160,080915132173541847,1,
080915132152033969,080915132173541847,1,
080915132173592704,080915132173541847,1,
080915132148825308,080915132173541847,1,
080915132167052861,080915132173541847,1,
080915132140065448,080915132173541847,1,
080915132166657760,080915132173541847,1,
080915132137361478,080915132173541847,1,
080915132121797834,080915132173541847,1,
080915132132761211,080915132132761211,2,
080915132137658276,080915132132761211,1,
080915132100237693,080915132132761211,1,
080915132100287753,080915132132761211,1,
080915132109253962,080915132132761211,1,
080915132158695814,080915132132761211,1,
080915132119534529,080915132132761211,1,
080915132143104102,080915132132761211,1,
080915132173019176,080915132132761211,1,
080915132150169470,080915132132761211,1,
080915132126741859,080915132132761211,1,
080915132104447745,080915132132761211,1,
080915132126231716,080915132132761211,1,
080915132114259526,080915132114259526,2,
080915132182068257,080915132114259526,1,
080915132132608266,080915132114259526,1,
080915132108299176,080915132114259526,1,
080915132162247748,080915132114259526,1,
080915132139776308,080915132114259526,1,
080915132101865259,080915132114259526,1,
080915132152203011,080915132114259526,1,
080915132177542819,080915132114259526,1,
080915132158176786,080915132114259526,1,
080915132141421369,080915132114259526,1,
080915132130544225,080915132114259526,1,
080915132188346403,080915132114259526,1,
080915132162457274,080915132162457274,2,
080915132114774309,080915132162457274,1,
080915132102401281,080915132162457274,1,
080915132168817195,080915132162457274,1,
080915132140091447,080915132162457274,1,
080915132182996724,080915132162457274,1,
080915132100275764,080915132162457274,1,
080915132159556778,080915132162457274,1,
080915132136196988,080915132162457274,1,
080915132186386227,080915132162457274,1,
080915132106147457,080915132162457274,1,
080915132102465707,080915132162457274,1,
080915132191944562,080915132162457274,1,
080915132178235662,080915132178235662,2,
080915132132516916,080915132178235662,1,
080915132178132886,080915132178235662,1,
080915132175935663,080915132178235662,1,
080915132119833444,080915132178235662,1,
080915132178574943,080915132178235662,1,
080915132119639777,080915132178235662,1,
080915132121249155,080915132178235662,1,
080915132141671317,080915132178235662,1,
080915132157609003,080915132178235662,1,
080915132187385057,080915132178235662,1,
080915132101187622,080915132178235662,1,
080915132135648975,080915132178235662,1,
080915132130094080,080915132130094080,2,
080915132134551419,080915132130094080,1,
080915132156038758,080915132130094080,1,
080915132124336091,080915132130094080,1,
080915132179947458,080915132130094080,1,
080915132100538516,080915132130094080,1,
080915132146083017,080915132130094080,1,
080915132178834150,080915132130094080,1,
080915132125740892,080915132130094080,1,
080915132177525053,080915132130094080,1,
080915132115623383,080915132130094080,1,
080915132149643936,080915132130094080,1,
080915132130672184,080915132130094080,1,
080915132177813694,080915132177813694,2,
080915132124958240,080915132177813694,1,
080915132169833213,080915132177813694,1,
080915132165944800,080915132177813694,1,
080915132162792913,080915132177813694,1,
080915132133258363,080915132177813694,1,
080915132119714455,080915132177813694,1,
080915132152927533,080915132177813694,1,
080915132193553604,080915132177813694,1,
080915132186913435,080915132177813694,1,
080915132121777456,080915132177813694,1,
080915132172819047,080915132177813694,1,
080915132121486231,080915132177813694,1,
080915132122233020,080915132130094080,0,
080915132166092781,080915132130094080,0,
080915132168003917,080915132130094080,0,
080915132119861689,080915132130094080,0,
